sub_id,task,is_practice,block,trial,target_01,target_02,task_relevance,category,orientation,identity,duration,stim_jit,SOA,onset_SOA,SOA_lock,pitch
SX185,auditory,1,-2,1,practice_03,practice_10,non-target,letter,center,letter_11,1.5,0.726666667,0.116,0.116,onset,1100
SX185,auditory,1,-2,2,practice_03,practice_10,non-target,letter,right,letter_13,0.5,0.806666667,0.116,0.616,offset,1000
SX185,auditory,1,-2,3,practice_03,practice_10,irrelevant,object,center,object_05,1.5,0.9,0.232,0.232,onset,1100
SX185,auditory,1,-2,4,practice_03,practice_10,non-target,false_font,right,false_font_02,0.5,0.74,0,0,onset,1000
SX185,auditory,1,-2,5,practice_03,practice_10,irrelevant,object,center,object_03,1.5,1.3,0,1.5,offset,1100
SX185,auditory,1,-2,6,practice_03,practice_10,non-target,false_font,right,false_font_07,1.5,0.966666667,0.232,1.732,offset,1100
SX185,auditory,1,-2,7,practice_03,practice_10,irrelevant,face,center,face_19,1.5,0.833333333,0.466,1.966,offset,1000
SX185,auditory,1,-2,8,practice_03,practice_10,irrelevant,object,center,object_14,1.5,0.78,0.116,1.616,offset,1100
SX185,auditory,1,-2,9,practice_03,practice_10,non-target,letter,left,letter_03,1.5,0.913333333,0,1.5,offset,1000
SX185,auditory,1,-2,10,practice_03,practice_10,target,letter,center,practice_10,0.5,0.9,0.116,0.116,onset,1000
SX185,auditory,1,-2,11,practice_03,practice_10,irrelevant,face,left,face_08,1,1.713333333,0.232,1.232,offset,1100
SX185,auditory,1,-2,12,practice_03,practice_10,non-target,letter,center,letter_17,0.5,0.806666667,0,0.5,offset,1100
SX185,auditory,1,-2,13,practice_03,practice_10,irrelevant,face,center,face_10,1.5,0.833333333,0.466,0.466,onset,1100
SX185,auditory,1,-2,14,practice_03,practice_10,non-target,false_font,right,false_font_12,1,0.74,0.232,0.232,onset,1000
SX185,auditory,1,-2,15,practice_03,practice_10,irrelevant,face,center,face_10,1.5,0.806666667,0.232,1.732,offset,1100
SX185,auditory,1,-2,16,practice_03,practice_10,non-target,letter,left,letter_03,0.5,0.753333333,0.116,0.616,offset,1000
SX185,auditory,1,-2,17,practice_03,practice_10,non-target,letter,center,letter_12,0.5,0.806666667,0.466,0.466,onset,1000
SX185,auditory,1,-2,18,practice_03,practice_10,target,false_font,center,practice_03,1,0.846666667,0.116,1.116,offset,1000
SX185,auditory,1,-2,19,practice_03,practice_10,irrelevant,face,left,face_18,1,0.726666667,0.232,0.232,onset,1100
SX185,auditory,1,-2,20,practice_03,practice_10,irrelevant,object,left,object_19,1,1.206666667,0.232,1.232,offset,1000
SX185,auditory,1,-2,21,practice_03,practice_10,non-target,letter,left,letter_10,1,0.94,0.116,1.116,offset,1100
SX185,auditory,1,-2,22,practice_03,practice_10,non-target,false_font,left,false_font_13,0.5,1.713333333,0.232,0.732,offset,1000
SX185,auditory,1,-2,23,practice_03,practice_10,irrelevant,object,center,object_17,0.5,1.006666667,0.116,0.116,onset,1100
SX185,auditory,1,-2,24,practice_03,practice_10,irrelevant,object,center,object_02,0.5,0.806666667,0,0,onset,1000
SX185,auditory,1,-2,25,practice_03,practice_10,non-target,letter,center,letter_01,1,0.94,0,0,onset,1100
SX185,auditory,1,-2,26,practice_03,practice_10,target,false_font,right,practice_03,1,1.193333333,0.466,0.466,onset,1100
SX185,auditory,1,-2,27,practice_03,practice_10,irrelevant,face,left,face_08,1.5,0.74,0,0,onset,1100
SX185,auditory,1,-2,28,practice_03,practice_10,target,letter,right,practice_10,1,0.86,0.466,0.466,onset,1100
SX185,auditory,1,-2,29,practice_03,practice_10,non-target,false_font,center,false_font_05,1,0.806666667,0.466,0.466,onset,1100
SX185,auditory,1,-2,30,practice_03,practice_10,irrelevant,object,center,object_11,0.5,1.273333333,0,0.5,offset,1000
SX185,auditory,1,-2,31,practice_03,practice_10,irrelevant,object,right,object_18,1.5,0.966666667,0,1.5,offset,1000
SX185,auditory,1,-2,32,practice_03,practice_10,irrelevant,face,center,face_02,1,0.74,0.116,0.116,onset,1100
SX185,auditory,1,-2,33,practice_03,practice_10,irrelevant,face,right,face_16,1,1.14,0,1,offset,1000
SX185,auditory,1,-2,34,practice_03,practice_10,irrelevant,object,center,object_01,0.5,1.273333333,0.466,0.466,onset,1000
SX185,auditory,1,-2,35,practice_03,practice_10,non-target,false_font,center,false_font_13,1.5,0.78,0.466,0.466,onset,1000
SX185,auditory,1,-2,36,practice_03,practice_10,target,false_font,left,practice_03,1,0.94,0.232,1.232,offset,1100
SX185,auditory,1,-2,37,practice_03,practice_10,target,letter,right,practice_10,1.5,0.74,0.466,1.966,offset,1100
SX185,auditory,1,-2,38,practice_03,practice_10,non-target,false_font,left,false_font_06,1.5,0.806666667,0.116,1.616,offset,1000
SX185,auditory,1,-2,39,practice_03,practice_10,non-target,false_font,right,false_font_01,0.5,1.3,0.232,0.232,onset,1000
SX185,auditory,1,-2,40,practice_03,practice_10,non-target,false_font,center,false_font_01,1.5,0.78,0.232,0.232,onset,1100
SX185,visual,1,-1,1,practice_05,practice_09,target,letter,right,practice_09,1,0.86,0.466,0.466,onset,1100
SX185,visual,1,-1,2,practice_05,practice_09,non-target,false_font,right,false_font_01,0.5,1.3,0.232,0.232,onset,1000
SX185,visual,1,-1,3,practice_05,practice_09,non-target,letter,center,letter_11,1.5,0.726666667,0.116,0.116,onset,1100
SX185,visual,1,-1,4,practice_05,practice_09,target,false_font,center,practice_05,1,0.846666667,0.116,1.116,offset,1000
SX185,visual,1,-1,5,practice_05,practice_09,non-target,false_font,center,false_font_05,1,0.806666667,0.466,0.466,onset,1100
SX185,visual,1,-1,6,practice_05,practice_09,irrelevant,face,center,face_19,1.5,0.833333333,0.466,1.966,offset,1000
SX185,visual,1,-1,7,practice_05,practice_09,irrelevant,face,left,face_08,1.5,0.74,0,0,onset,1100
SX185,visual,1,-1,8,practice_05,practice_09,irrelevant,face,center,face_10,1.5,0.833333333,0.466,0.466,onset,1100
SX185,visual,1,-1,9,practice_05,practice_09,non-target,letter,center,letter_01,1,0.94,0,0,onset,1100
SX185,visual,1,-1,10,practice_05,practice_09,irrelevant,face,center,face_02,1,0.74,0.116,0.116,onset,1100
SX185,visual,1,-1,11,practice_05,practice_09,irrelevant,object,center,object_05,1.5,0.9,0.232,0.232,onset,1100
SX185,visual,1,-1,12,practice_05,practice_09,irrelevant,object,center,object_17,0.5,1.006666667,0.116,0.116,onset,1100
SX185,visual,1,-1,13,practice_05,practice_09,non-target,false_font,right,false_font_02,0.5,0.74,0,0,onset,1000
SX185,visual,1,-1,14,practice_05,practice_09,non-target,false_font,left,false_font_06,1.5,0.806666667,0.116,1.616,offset,1000
SX185,visual,1,-1,15,practice_05,practice_09,non-target,letter,center,letter_17,0.5,0.806666667,0,0.5,offset,1100
SX185,visual,1,-1,16,practice_05,practice_09,irrelevant,face,right,face_16,1,1.14,0,1,offset,1000
SX185,visual,1,-1,17,practice_05,practice_09,non-target,false_font,left,false_font_13,0.5,1.713333333,0.232,0.732,offset,1000
SX185,visual,1,-1,18,practice_05,practice_09,non-target,letter,left,letter_03,1.5,0.913333333,0,1.5,offset,1000
SX185,visual,1,-1,19,practice_05,practice_09,target,false_font,left,practice_05,1,0.94,0.232,1.232,offset,1100
SX185,visual,1,-1,20,practice_05,practice_09,non-target,false_font,right,false_font_07,1.5,0.966666667,0.232,1.732,offset,1100
SX185,visual,1,-1,21,practice_05,practice_09,non-target,letter,left,letter_10,1,0.94,0.116,1.116,offset,1100
SX185,visual,1,-1,22,practice_05,practice_09,irrelevant,object,right,object_18,1.5,0.966666667,0,1.5,offset,1000
SX185,visual,1,-1,23,practice_05,practice_09,irrelevant,face,left,face_18,1,0.726666667,0.232,0.232,onset,1100
SX185,visual,1,-1,24,practice_05,practice_09,irrelevant,object,center,object_11,0.5,1.273333333,0,0.5,offset,1000
SX185,visual,1,-1,25,practice_05,practice_09,target,letter,right,practice_09,1.5,0.74,0.466,1.966,offset,1100
SX185,visual,1,-1,26,practice_05,practice_09,irrelevant,object,left,object_19,1,1.206666667,0.232,1.232,offset,1000
SX185,visual,1,-1,27,practice_05,practice_09,non-target,letter,center,letter_12,0.5,0.806666667,0.466,0.466,onset,1000
SX185,visual,1,-1,28,practice_05,practice_09,irrelevant,object,center,object_03,1.5,1.3,0,1.5,offset,1100
SX185,visual,1,-1,29,practice_05,practice_09,non-target,false_font,center,false_font_13,1.5,0.78,0.466,0.466,onset,1000
SX185,visual,1,-1,30,practice_05,practice_09,non-target,false_font,right,false_font_12,1,0.74,0.232,0.232,onset,1000
SX185,visual,1,-1,31,practice_05,practice_09,non-target,letter,right,letter_13,0.5,0.806666667,0.116,0.616,offset,1000
SX185,visual,1,-1,32,practice_05,practice_09,target,letter,center,practice_09,0.5,0.9,0.116,0.116,onset,1000
SX185,visual,1,-1,33,practice_05,practice_09,irrelevant,object,center,object_14,1.5,0.78,0.116,1.616,offset,1100
SX185,visual,1,-1,34,practice_05,practice_09,irrelevant,object,center,object_01,0.5,1.273333333,0.466,0.466,onset,1000
SX185,visual,1,-1,35,practice_05,practice_09,irrelevant,object,center,object_02,0.5,0.806666667,0,0,onset,1000
SX185,visual,1,-1,36,practice_05,practice_09,irrelevant,face,left,face_08,1,1.713333333,0.232,1.232,offset,1100
SX185,visual,1,-1,37,practice_05,practice_09,non-target,false_font,center,false_font_01,1.5,0.78,0.232,0.232,onset,1100
SX185,visual,1,-1,38,practice_05,practice_09,target,false_font,right,practice_05,1,1.193333333,0.466,0.466,onset,1100
SX185,visual,1,-1,39,practice_05,practice_09,irrelevant,face,center,face_10,1.5,0.806666667,0.232,1.732,offset,1100
SX185,visual,1,-1,40,practice_05,practice_09,non-target,letter,left,letter_03,0.5,0.753333333,0.116,0.616,offset,1000
SX185,auditory_and_visual,1,0,1,practice_02,practice_11,non-target,false_font,center,false_font_13,1.5,0.78,0.466,0.466,onset,1000
SX185,auditory_and_visual,1,0,2,practice_02,practice_11,non-target,false_font,right,false_font_01,0.5,1.3,0.232,0.232,onset,1000
SX185,auditory_and_visual,1,0,3,practice_02,practice_11,irrelevant,object,center,object_01,0.5,1.273333333,0.466,0.466,onset,1000
SX185,auditory_and_visual,1,0,4,practice_02,practice_11,irrelevant,object,center,object_11,0.5,1.273333333,0,0.5,offset,1000
SX185,auditory_and_visual,1,0,5,practice_02,practice_11,irrelevant,face,right,face_16,1,1.14,0,1,offset,1000
SX185,auditory_and_visual,1,0,6,practice_02,practice_11,target,false_font,center,practice_02,1,0.846666667,0.116,1.116,offset,1000
SX185,auditory_and_visual,1,0,7,practice_02,practice_11,non-target,false_font,right,false_font_12,1,0.74,0.232,0.232,onset,1000
SX185,auditory_and_visual,1,0,8,practice_02,practice_11,irrelevant,object,center,object_02,0.5,0.806666667,0,0,onset,1000
SX185,auditory_and_visual,1,0,9,practice_02,practice_11,non-target,letter,center,letter_11,1.5,0.726666667,0.116,0.116,onset,1100
SX185,auditory_and_visual,1,0,10,practice_02,practice_11,irrelevant,face,center,face_10,1.5,0.806666667,0.232,1.732,offset,1100
SX185,auditory_and_visual,1,0,11,practice_02,practice_11,irrelevant,face,center,face_10,1.5,0.833333333,0.466,0.466,onset,1100
SX185,auditory_and_visual,1,0,12,practice_02,practice_11,irrelevant,face,left,face_08,1,1.713333333,0.232,1.232,offset,1100
SX185,auditory_and_visual,1,0,13,practice_02,practice_11,non-target,letter,left,letter_10,1,0.94,0.116,1.116,offset,1100
SX185,auditory_and_visual,1,0,14,practice_02,practice_11,target,false_font,left,practice_02,1,0.94,0.232,1.232,offset,1100
SX185,auditory_and_visual,1,0,15,practice_02,practice_11,non-target,letter,left,letter_03,1.5,0.913333333,0,1.5,offset,1000
SX185,auditory_and_visual,1,0,16,practice_02,practice_11,non-target,false_font,right,false_font_02,0.5,0.74,0,0,onset,1000
SX185,auditory_and_visual,1,0,17,practice_02,practice_11,non-target,letter,center,letter_12,0.5,0.806666667,0.466,0.466,onset,1000
SX185,auditory_and_visual,1,0,18,practice_02,practice_11,target,letter,right,practice_11,1.5,0.74,0.466,1.966,offset,1100
SX185,auditory_and_visual,1,0,19,practice_02,practice_11,irrelevant,object,center,object_17,0.5,1.006666667,0.116,0.116,onset,1100
SX185,auditory_and_visual,1,0,20,practice_02,practice_11,non-target,letter,center,letter_01,1,0.94,0,0,onset,1100
SX185,auditory_and_visual,1,0,21,practice_02,practice_11,non-target,letter,left,letter_03,0.5,0.753333333,0.116,0.616,offset,1000
SX185,auditory_and_visual,1,0,22,practice_02,practice_11,non-target,letter,right,letter_13,0.5,0.806666667,0.116,0.616,offset,1000
SX185,auditory_and_visual,1,0,23,practice_02,practice_11,irrelevant,object,right,object_18,1.5,0.966666667,0,1.5,offset,1000
SX185,auditory_and_visual,1,0,24,practice_02,practice_11,irrelevant,object,center,object_14,1.5,0.78,0.116,1.616,offset,1100
SX185,auditory_and_visual,1,0,25,practice_02,practice_11,irrelevant,face,left,face_18,1,0.726666667,0.232,0.232,onset,1100
SX185,auditory_and_visual,1,0,26,practice_02,practice_11,non-target,false_font,center,false_font_01,1.5,0.78,0.232,0.232,onset,1100
SX185,auditory_and_visual,1,0,27,practice_02,practice_11,non-target,false_font,right,false_font_07,1.5,0.966666667,0.232,1.732,offset,1100
SX185,auditory_and_visual,1,0,28,practice_02,practice_11,irrelevant,face,center,face_19,1.5,0.833333333,0.466,1.966,offset,1000
SX185,auditory_and_visual,1,0,29,practice_02,practice_11,target,false_font,right,practice_02,1,1.193333333,0.466,0.466,onset,1100
SX185,auditory_and_visual,1,0,30,practice_02,practice_11,irrelevant,face,left,face_08,1.5,0.74,0,0,onset,1100
SX185,auditory_and_visual,1,0,31,practice_02,practice_11,target,letter,right,practice_11,1,0.86,0.466,0.466,onset,1100
SX185,auditory_and_visual,1,0,32,practice_02,practice_11,target,letter,center,practice_11,0.5,0.9,0.116,0.116,onset,1000
SX185,auditory_and_visual,1,0,33,practice_02,practice_11,non-target,false_font,left,false_font_13,0.5,1.713333333,0.232,0.732,offset,1000
SX185,auditory_and_visual,1,0,34,practice_02,practice_11,irrelevant,object,center,object_05,1.5,0.9,0.232,0.232,onset,1100
SX185,auditory_and_visual,1,0,35,practice_02,practice_11,non-target,false_font,left,false_font_06,1.5,0.806666667,0.116,1.616,offset,1000
SX185,auditory_and_visual,1,0,36,practice_02,practice_11,non-target,false_font,center,false_font_05,1,0.806666667,0.466,0.466,onset,1100
SX185,auditory_and_visual,1,0,37,practice_02,practice_11,irrelevant,object,left,object_19,1,1.206666667,0.232,1.232,offset,1000
SX185,auditory_and_visual,1,0,38,practice_02,practice_11,irrelevant,face,center,face_02,1,0.74,0.116,0.116,onset,1100
SX185,auditory_and_visual,1,0,39,practice_02,practice_11,non-target,letter,center,letter_17,0.5,0.806666667,0,0.5,offset,1100
SX185,auditory_and_visual,1,0,40,practice_02,practice_11,irrelevant,object,center,object_03,1.5,1.3,0,1.5,offset,1100
SX185,prp,0,1,1,letter_05,false_font_09,non-target,false_font,right,false_font_16,1,0.86802915131953,0.116,1.116,offset,1100
SX185,prp,0,1,2,letter_05,false_font_09,non-target,letter,right,letter_13,0.5,0.915259043786346,0.232,0.732,offset,1000
SX185,prp,0,1,3,letter_05,false_font_09,non-target,letter,center,letter_08,0.5,0.909350298209295,0.116,0.116,onset,1000
SX185,prp,0,1,4,letter_05,false_font_09,irrelevant,object,left,object_03,1,1.87609927164723,0.466,1.466,offset,1100
SX185,prp,0,1,5,letter_05,false_font_09,non-target,letter,center,letter_17,1,1.45530907409049,0.116,0.116,onset,1100
SX185,prp,0,1,6,letter_05,false_font_09,target,false_font,center,false_font_09,1,1.57749883504313,0.116,1.116,offset,1100
SX185,prp,0,1,7,letter_05,false_font_09,irrelevant,object,center,object_02,1,1.23392213829111,0.232,0.232,onset,1100
SX185,prp,0,1,8,letter_05,false_font_09,non-target,letter,left,letter_04,1.5,1.25159592248825,0.466,1.966,offset,1100
SX185,prp,0,1,9,letter_05,false_font_09,irrelevant,object,left,object_14,1,0.871813016223614,0.232,0.232,onset,1000
SX185,prp,0,1,10,letter_05,false_font_09,irrelevant,face,right,face_14,1.5,1.72632339831114,0.466,0.466,onset,1000
SX185,prp,0,1,11,letter_05,false_font_09,irrelevant,object,center,object_14,1.5,1.88808024245821,0,0,onset,1100
SX185,prp,0,1,12,letter_05,false_font_09,non-target,false_font,center,false_font_08,1.5,1.57020863453552,0.232,0.232,onset,1000
SX185,prp,0,1,13,letter_05,false_font_09,irrelevant,face,center,face_12,0.5,0.985976047084297,0,0,onset,1100
SX185,prp,0,1,14,letter_05,false_font_09,irrelevant,face,center,face_17,1,1.37168788048204,0.116,0.116,onset,1100
SX185,prp,0,1,15,letter_05,false_font_09,target,letter,center,letter_05,0.5,0.918194249717531,0.232,0.732,offset,1000
SX185,prp,0,1,16,letter_05,false_font_09,irrelevant,object,left,object_19,1.5,0.998769425808184,0.466,1.966,offset,1000
SX185,prp,0,1,17,letter_05,false_font_09,non-target,false_font,center,false_font_01,1.5,1.01548817649861,0,0,onset,1000
SX185,prp,0,1,18,letter_05,false_font_09,target,letter,center,letter_05,0.5,0.869170951202819,0.232,0.732,offset,1000
SX185,prp,0,1,19,letter_05,false_font_09,non-target,false_font,center,false_font_01,0.5,1.25171137109238,0,0.5,offset,1100
SX185,prp,0,1,20,letter_05,false_font_09,non-target,false_font,center,false_font_12,1,1.45761969461065,0.466,1.466,offset,1000
SX185,prp,0,1,21,letter_05,false_font_09,irrelevant,face,right,face_13,1.5,1.18604433306941,0.232,0.232,onset,1000
SX185,prp,0,1,22,letter_05,false_font_09,irrelevant,face,right,face_15,0.5,1.46237401759143,0,0.5,offset,1000
SX185,prp,0,1,23,letter_05,false_font_09,irrelevant,face,left,face_09,1,1.3907186827209,0.116,1.116,offset,1100
SX185,prp,0,1,24,letter_05,false_font_09,irrelevant,object,center,object_07,0.5,0.94412874198285,0.116,0.616,offset,1000
SX185,prp,0,1,25,letter_05,false_font_09,irrelevant,object,right,object_15,1.5,0.925002857378617,0.466,0.466,onset,1100
SX185,prp,0,1,26,letter_05,false_font_09,irrelevant,object,center,object_17,1.5,0.991908868736451,0,1.5,offset,1100
SX185,prp,0,1,27,letter_05,false_font_09,non-target,false_font,left,false_font_12,0.5,0.776429816750313,0.232,0.232,onset,1100
SX185,prp,0,1,28,letter_05,false_font_09,non-target,letter,left,letter_04,0.5,1.36272491128967,0,0,onset,1000
SX185,prp,0,1,29,letter_05,false_font_09,non-target,letter,center,letter_19,1,0.79869320992405,0.232,1.232,offset,1100
SX185,prp,0,1,30,letter_05,false_font_09,non-target,letter,left,letter_10,0.5,0.991551086523398,0.116,0.116,onset,1100
SX185,prp,0,1,31,letter_05,false_font_09,target,false_font,center,false_font_09,1.5,1.1513767014929,0.232,1.732,offset,1100
SX185,prp,0,1,32,letter_05,false_font_09,non-target,letter,center,letter_12,0.5,0.714995582633735,0.232,0.232,onset,1100
SX185,prp,0,1,33,letter_05,false_font_09,non-target,false_font,center,false_font_20,0.5,0.729420917073386,0.116,0.116,onset,1100
SX185,prp,0,1,34,letter_05,false_font_09,irrelevant,object,center,object_01,0.5,1.49796350105396,0,0.5,offset,1000
SX185,prp,0,1,35,letter_05,false_font_09,non-target,false_font,left,false_font_01,1,1.31469873105068,0.232,1.232,offset,1000
SX185,prp,0,1,36,letter_05,false_font_09,irrelevant,object,right,object_03,1.5,1.22729158504578,0.466,1.966,offset,1100
SX185,prp,0,2,1,letter_01,false_font_12,irrelevant,face,center,face_19,1,1.05539727353513,0.116,1.116,offset,1100
SX185,prp,0,2,2,letter_01,false_font_12,non-target,false_font,right,false_font_07,1,0.90429518984357,0,1,offset,1000
SX185,prp,0,2,3,letter_01,false_font_12,non-target,false_font,left,false_font_07,0.5,0.927966864327437,0,0,onset,1100
SX185,prp,0,2,4,letter_01,false_font_12,non-target,letter,right,letter_17,1,1.1094492064294,0.232,1.232,offset,1100
SX185,prp,0,2,5,letter_01,false_font_12,irrelevant,face,right,face_10,0.5,1.70832150968096,0.466,0.466,onset,1000
SX185,prp,0,2,6,letter_01,false_font_12,non-target,false_font,left,false_font_10,1.5,1.20694379109508,0.116,1.616,offset,1000
SX185,prp,0,2,7,letter_01,false_font_12,irrelevant,object,center,object_13,1,1.68303453865046,0.116,0.116,onset,1100
SX185,prp,0,2,8,letter_01,false_font_12,non-target,letter,left,letter_06,1,1.38569439371837,0,0,onset,1100
SX185,prp,0,2,9,letter_01,false_font_12,non-target,letter,right,letter_11,1.5,0.861772796836899,0.232,0.232,onset,1000
SX185,prp,0,2,10,letter_01,false_font_12,irrelevant,face,left,face_10,1,1.02196006727201,0.466,0.466,onset,1100
SX185,prp,0,2,11,letter_01,false_font_12,target,letter,left,letter_01,0.5,1.29203691040347,0.116,0.116,onset,1000
SX185,prp,0,2,12,letter_01,false_font_12,irrelevant,face,center,face_06,0.5,1.05315191437244,0.466,0.466,onset,1100
SX185,prp,0,2,13,letter_01,false_font_12,irrelevant,object,right,object_11,1,1.57045140175605,0.232,1.232,offset,1100
SX185,prp,0,2,14,letter_01,false_font_12,irrelevant,face,center,face_01,1.5,1.17404876938313,0.466,1.966,offset,1100
SX185,prp,0,2,15,letter_01,false_font_12,irrelevant,object,left,object_15,1.5,0.895940158891244,0,1.5,offset,1100
SX185,prp,0,2,16,letter_01,false_font_12,irrelevant,object,left,object_16,1,0.944073828694706,0.116,1.116,offset,1000
SX185,prp,0,2,17,letter_01,false_font_12,target,false_font,center,false_font_12,1,0.917573405279842,0,1,offset,1100
SX185,prp,0,2,18,letter_01,false_font_12,non-target,letter,center,letter_20,1,1.50791486781048,0.232,1.232,offset,1000
SX185,prp,0,2,19,letter_01,false_font_12,irrelevant,object,center,object_19,1.5,1.50962486617947,0.116,1.616,offset,1100
SX185,prp,0,2,20,letter_01,false_font_12,non-target,false_font,left,false_font_13,1,0.849767149722136,0.116,1.116,offset,1000
SX185,prp,0,2,21,letter_01,false_font_12,non-target,false_font,right,false_font_01,1.5,0.83289586099173,0.466,1.966,offset,1100
SX185,prp,0,2,22,letter_01,false_font_12,irrelevant,object,center,object_13,1.5,1.53332612380833,0.466,0.466,onset,1100
SX185,prp,0,2,23,letter_01,false_font_12,non-target,false_font,center,false_font_19,0.5,1.43861144913397,0.466,0.466,onset,1100
SX185,prp,0,2,24,letter_01,false_font_12,non-target,false_font,right,false_font_06,1,1.53832683470603,0,1,offset,1100
SX185,prp,0,2,25,letter_01,false_font_12,non-target,letter,center,letter_04,1.5,1.17093059777219,0,0,onset,1000
SX185,prp,0,2,26,letter_01,false_font_12,irrelevant,face,left,face_18,1.5,1.41695182963675,0.466,1.966,offset,1100
SX185,prp,0,2,27,letter_01,false_font_12,non-target,letter,center,letter_02,0.5,0.870786359643427,0.466,0.966,offset,1000
SX185,prp,0,2,28,letter_01,false_font_12,non-target,false_font,center,false_font_02,1,1.24876088122262,0.232,0.232,onset,1000
SX185,prp,0,2,29,letter_01,false_font_12,non-target,letter,center,letter_10,1.5,1.74068967605912,0.116,1.616,offset,1100
SX185,prp,0,2,30,letter_01,false_font_12,irrelevant,face,center,face_07,1,1.41128484520798,0,0,onset,1100
SX185,prp,0,2,31,letter_01,false_font_12,irrelevant,object,center,object_14,1,0.721624541782468,0.116,1.116,offset,1100
SX185,prp,0,2,32,letter_01,false_font_12,irrelevant,object,left,object_01,0.5,1.40861268015811,0.466,0.466,onset,1100
SX185,prp,0,2,33,letter_01,false_font_12,non-target,letter,left,letter_12,1.5,1.11004294172111,0.466,0.466,onset,1000
SX185,prp,0,2,34,letter_01,false_font_12,irrelevant,face,center,face_04,1.5,1.1723634943681,0.466,0.466,onset,1100
SX185,prp,0,3,1,face_16,object_17,non-target,object,center,object_12,1.5,1.14525621812881,0,0,onset,1000
SX185,prp,0,3,2,face_16,object_17,irrelevant,false_font,center,false_font_16,0.5,1.87618932757088,0.116,0.116,onset,1000
SX185,prp,0,3,3,face_16,object_17,non-target,face,center,face_05,1.5,1.25432638193786,0.116,1.616,offset,1100
SX185,prp,0,3,4,face_16,object_17,irrelevant,letter,center,letter_12,0.5,1.48917224643506,0.466,0.466,onset,1100
SX185,prp,0,3,5,face_16,object_17,target,face,left,face_16,0.5,1.50927476925838,0.232,0.732,offset,1100
SX185,prp,0,3,6,face_16,object_17,irrelevant,false_font,right,false_font_19,0.5,1.37895692795903,0.232,0.232,onset,1100
SX185,prp,0,3,7,face_16,object_17,irrelevant,false_font,center,false_font_18,1,1.00379233675103,0.466,0.466,onset,1000
SX185,prp,0,3,8,face_16,object_17,irrelevant,letter,center,letter_06,1.5,1.31863618101646,0.466,1.966,offset,1000
SX185,prp,0,3,9,face_16,object_17,non-target,face,right,face_18,0.5,0.881123604332309,0,0.5,offset,1100
SX185,prp,0,3,10,face_16,object_17,irrelevant,false_font,center,false_font_20,0.5,0.741635394533012,0.232,0.732,offset,1000
SX185,prp,0,3,11,face_16,object_17,irrelevant,letter,center,letter_05,0.5,0.714732768569241,0.232,0.232,onset,1000
SX185,prp,0,3,12,face_16,object_17,non-target,face,right,face_04,1,0.989258372717332,0.116,0.116,onset,1000
SX185,prp,0,3,13,face_16,object_17,irrelevant,false_font,center,false_font_13,0.5,1.84228306458678,0.466,0.966,offset,1100
SX185,prp,0,3,14,face_16,object_17,irrelevant,letter,center,letter_17,0.5,1.41925977251994,0.116,0.116,onset,1000
SX185,prp,0,3,15,face_16,object_17,non-target,face,left,face_12,1,1.26125677875779,0.232,1.232,offset,1000
SX185,prp,0,3,16,face_16,object_17,irrelevant,false_font,center,false_font_15,0.5,1.72712499970903,0,0,onset,1100
SX185,prp,0,3,17,face_16,object_17,non-target,object,center,object_06,1,1.78265608721975,0.466,0.466,onset,1000
SX185,prp,0,3,18,face_16,object_17,irrelevant,false_font,center,false_font_03,0.5,0.860451459410478,0.232,0.232,onset,1100
SX185,prp,0,3,19,face_16,object_17,non-target,face,left,face_08,1.5,1.4720564859708,0.116,1.616,offset,1000
SX185,prp,0,3,20,face_16,object_17,irrelevant,letter,center,letter_11,0.5,1.82806617970916,0.116,0.616,offset,1000
SX185,prp,0,3,21,face_16,object_17,irrelevant,letter,center,letter_14,1.5,0.810691095721739,0.232,0.232,onset,1100
SX185,prp,0,3,22,face_16,object_17,non-target,face,right,face_11,0.5,1.41902194126023,0.232,0.732,offset,1000
SX185,prp,0,3,23,face_16,object_17,irrelevant,letter,center,letter_17,0.5,1.36858715004568,0,0.5,offset,1100
SX185,prp,0,3,24,face_16,object_17,non-target,face,left,face_07,1,1.43704326850726,0.116,1.116,offset,1100
SX185,prp,0,3,25,face_16,object_17,non-target,object,left,object_09,1,1.6958734961756,0,1,offset,1000
SX185,prp,0,3,26,face_16,object_17,irrelevant,letter,right,letter_08,1.5,1.5299094535759,0.116,0.116,onset,1100
SX185,prp,0,3,27,face_16,object_17,target,object,left,object_17,1.5,1.61536659579266,0.232,0.232,onset,1000
SX185,prp,0,3,28,face_16,object_17,non-target,object,center,object_02,0.5,1.38406305668694,0.232,0.232,onset,1100
SX185,prp,0,3,29,face_16,object_17,non-target,face,right,face_09,1,0.777604981390865,0,1,offset,1000
SX185,prp,0,3,30,face_16,object_17,irrelevant,letter,center,letter_20,0.5,1.77332145159895,0.116,0.116,onset,1100
SX185,prp,0,3,31,face_16,object_17,non-target,object,right,object_02,1,1.54539846774497,0.466,0.466,onset,1100
SX185,prp,0,3,32,face_16,object_17,non-target,object,center,object_09,0.5,0.88269194925255,0.466,0.466,onset,1100
SX185,prp,0,3,33,face_16,object_17,non-target,face,center,face_15,1.5,1.37748290311433,0.116,1.616,offset,1000
SX185,prp,0,3,34,face_16,object_17,non-target,face,center,face_05,0.5,1.86846432327494,0.116,0.116,onset,1000
SX185,prp,0,4,1,face_11,object_12,irrelevant,false_font,center,false_font_04,0.5,0.898449100628337,0.466,0.966,offset,1000
SX185,prp,0,4,2,face_11,object_12,non-target,object,left,object_02,1,1.41085088012341,0.232,0.232,onset,1100
SX185,prp,0,4,3,face_11,object_12,irrelevant,false_font,right,false_font_07,0.5,0.973208251902592,0.466,0.966,offset,1000
SX185,prp,0,4,4,face_11,object_12,non-target,face,center,face_18,1.5,1.04599027570866,0,0,onset,1100
SX185,prp,0,4,5,face_11,object_12,non-target,object,right,object_18,1,0.725965896926081,0.466,1.466,offset,1100
SX185,prp,0,4,6,face_11,object_12,irrelevant,letter,right,letter_05,0.5,0.986495765468043,0,0.5,offset,1000
SX185,prp,0,4,7,face_11,object_12,non-target,face,left,face_05,1.5,1.31665353416841,0.232,0.232,onset,1000
SX185,prp,0,4,8,face_11,object_12,irrelevant,letter,right,letter_19,1.5,0.860525565229368,0.466,1.966,offset,1000
SX185,prp,0,4,9,face_11,object_12,non-target,face,left,face_17,1,0.778995154914529,0.466,1.466,offset,1100
SX185,prp,0,4,10,face_11,object_12,non-target,object,center,object_10,0.5,1.22179075605002,0.232,0.732,offset,1100
SX185,prp,0,4,11,face_11,object_12,target,face,center,face_11,1.5,1.69924588150556,0.232,0.232,onset,1100
SX185,prp,0,4,12,face_11,object_12,target,object,left,object_12,1,0.863202851935214,0.116,1.116,offset,1100
SX185,prp,0,4,13,face_11,object_12,non-target,object,center,object_14,1,1.66662057571188,0.116,0.116,onset,1100
SX185,prp,0,4,14,face_11,object_12,irrelevant,letter,center,letter_01,1,1.37279462809984,0,0,onset,1100
SX185,prp,0,4,15,face_11,object_12,irrelevant,letter,left,letter_15,1,0.798722866492866,0.116,1.116,offset,1000
SX185,prp,0,4,16,face_11,object_12,non-target,face,center,face_09,1,0.869280126767721,0.466,0.466,onset,1100
SX185,prp,0,4,17,face_11,object_12,irrelevant,letter,center,letter_12,1,0.727915586492913,0.232,1.232,offset,1100
SX185,prp,0,4,18,face_11,object_12,irrelevant,false_font,left,false_font_14,1.5,0.831682029191692,0,0,onset,1100
SX185,prp,0,4,19,face_11,object_12,irrelevant,letter,center,letter_18,0.5,1.4612582732588,0,0,onset,1000
SX185,prp,0,4,20,face_11,object_12,irrelevant,false_font,right,false_font_18,0.5,1.29022331620037,0.116,0.616,offset,1100
SX185,prp,0,4,21,face_11,object_12,irrelevant,letter,right,letter_14,0.5,0.728309903131786,0.116,0.616,offset,1100
SX185,prp,0,4,22,face_11,object_12,non-target,object,center,object_08,1.5,0.757949061545906,0.466,1.966,offset,1000
SX185,prp,0,4,23,face_11,object_12,non-target,object,right,object_15,1.5,1.59395005438262,0.232,1.732,offset,1000
SX185,prp,0,4,24,face_11,object_12,irrelevant,false_font,right,false_font_12,0.5,0.901507974294882,0,0.5,offset,1100
SX185,prp,0,4,25,face_11,object_12,target,face,center,face_11,1,0.761835798622211,0.116,0.116,onset,1000
SX185,prp,0,4,26,face_11,object_12,irrelevant,letter,center,letter_10,1.5,0.720619984759231,0,1.5,offset,1100
SX185,prp,0,4,27,face_11,object_12,target,face,center,face_11,1.5,1.03825984818821,0.116,1.616,offset,1000
SX185,prp,0,4,28,face_11,object_12,non-target,face,right,face_04,1.5,1.35505761061867,0.116,0.116,onset,1100
SX185,prp,0,4,29,face_11,object_12,non-target,object,left,object_01,0.5,1.89498405015765,0.116,0.616,offset,1000
SX185,prp,0,4,30,face_11,object_12,non-target,face,left,face_10,1.5,1.01190870970959,0.466,1.966,offset,1100
SX185,prp,0,4,31,face_11,object_12,irrelevant,false_font,center,false_font_13,0.5,1.0043157856214,0,0,onset,1100
SX185,prp,0,4,32,face_11,object_12,target,object,right,object_12,1,0.921933717987823,0.466,1.466,offset,1000
SX185,prp,0,4,33,face_11,object_12,irrelevant,letter,right,letter_10,1,0.906762345506088,0.466,1.466,offset,1000
SX185,prp,0,4,34,face_11,object_12,non-target,face,center,face_14,1.5,1.91917003251732,0.232,1.732,offset,1100
SX185,prp,0,4,35,face_11,object_12,non-target,object,right,object_02,0.5,1.0054316812057,0.466,0.466,onset,1100
SX185,prp,0,4,36,face_11,object_12,non-target,object,right,object_10,1.5,1.46980607267236,0.232,0.232,onset,1100
SX185,prp,0,4,37,face_11,object_12,irrelevant,false_font,right,false_font_04,1.5,1.87304326133996,0.116,0.116,onset,1000
SX185,prp,0,5,1,face_14,object_08,non-target,face,right,face_12,0.5,1.83321445290602,0.116,0.616,offset,1100
SX185,prp,0,5,2,face_14,object_08,non-target,face,center,face_05,1,1.44881059484778,0,1,offset,1000
SX185,prp,0,5,3,face_14,object_08,non-target,face,center,face_01,0.5,1.25524661343618,0.466,0.466,onset,1100
SX185,prp,0,5,4,face_14,object_08,irrelevant,false_font,center,false_font_12,0.5,0.707034009787362,0.116,0.116,onset,1100
SX185,prp,0,5,5,face_14,object_08,non-target,face,center,face_12,0.5,1.49528339850745,0.466,0.466,onset,1000
SX185,prp,0,5,6,face_14,object_08,non-target,face,right,face_10,1,0.784266865580801,0,1,offset,1100
SX185,prp,0,5,7,face_14,object_08,irrelevant,letter,left,letter_02,1,1.26733303722795,0.116,1.116,offset,1100
SX185,prp,0,5,8,face_14,object_08,irrelevant,false_font,center,false_font_17,0.5,1.08513703060519,0.232,0.232,onset,1000
SX185,prp,0,5,9,face_14,object_08,irrelevant,letter,center,letter_01,0.5,1.35538427148906,0,0,onset,1100
SX185,prp,0,5,10,face_14,object_08,target,object,center,object_08,1,0.997861683352064,0.466,0.466,onset,1100
SX185,prp,0,5,11,face_14,object_08,irrelevant,letter,center,letter_11,1.5,0.971850197365776,0.232,0.232,onset,1000
SX185,prp,0,5,12,face_14,object_08,non-target,object,center,object_14,1.5,1.24018010608423,0.116,1.616,offset,1000
SX185,prp,0,5,13,face_14,object_08,irrelevant,false_font,left,false_font_09,1,0.904705132410293,0.232,0.232,onset,1000
SX185,prp,0,5,14,face_14,object_08,irrelevant,letter,right,letter_18,1,1.21660228461064,0.466,0.466,onset,1100
SX185,prp,0,5,15,face_14,object_08,irrelevant,false_font,left,false_font_12,0.5,0.813920941653502,0,0.5,offset,1000
SX185,prp,0,5,16,face_14,object_08,target,face,left,face_14,0.5,1.8743534545148,0.466,0.966,offset,1100
SX185,prp,0,5,17,face_14,object_08,irrelevant,letter,right,letter_15,1,1.3686057189665,0.232,1.232,offset,1100
SX185,prp,0,5,18,face_14,object_08,non-target,face,center,face_11,0.5,0.90195523659309,0.116,0.116,onset,1100
SX185,prp,0,5,19,face_14,object_08,target,object,left,object_08,0.5,1.11431996516152,0,0.5,offset,1000
SX185,prp,0,5,20,face_14,object_08,target,face,left,face_14,1.5,0.853844137686253,0,1.5,offset,1100
SX185,prp,0,5,21,face_14,object_08,non-target,object,center,object_01,1.5,1.95668687818543,0.466,1.966,offset,1000
SX185,prp,0,5,22,face_14,object_08,irrelevant,false_font,left,false_font_07,1,1.18026532121305,0,0,onset,1000
SX185,prp,0,5,23,face_14,object_08,non-target,object,right,object_09,1.5,1.81384301333549,0.116,1.616,offset,1000
SX185,prp,0,5,24,face_14,object_08,non-target,object,center,object_11,1,1.77717400973227,0.466,1.466,offset,1000
SX185,prp,0,5,25,face_14,object_08,irrelevant,letter,right,letter_11,0.5,0.875270830509252,0.466,0.466,onset,1000
SX185,prp,0,5,26,face_14,object_08,non-target,object,center,object_19,0.5,1.18973112443828,0.466,0.466,onset,1000
SX185,prp,0,5,27,face_14,object_08,irrelevant,letter,center,letter_02,0.5,0.780901411002378,0.232,0.732,offset,1000
SX185,prp,0,5,28,face_14,object_08,irrelevant,false_font,center,false_font_14,0.5,1.3167022718995,0,0,onset,1000
SX185,prp,0,5,29,face_14,object_08,target,face,left,face_14,1.5,0.746228874474593,0.466,0.466,onset,1000
SX185,prp,0,5,30,face_14,object_08,irrelevant,letter,center,letter_02,1,0.807653388212634,0.232,1.232,offset,1000
SX185,prp,0,5,31,face_14,object_08,non-target,object,center,object_07,1,1.38023765423603,0.466,1.466,offset,1100
SX185,prp,0,5,32,face_14,object_08,non-target,object,center,object_13,0.5,1.09841465114278,0.116,0.116,onset,1000
SX185,prp,0,5,33,face_14,object_08,irrelevant,false_font,left,false_font_19,0.5,1.7494188653776,0,0,onset,1000
SX185,prp,0,5,34,face_14,object_08,non-target,object,center,object_17,1.5,1.75558302252318,0.116,1.616,offset,1100
SX185,prp,0,5,35,face_14,object_08,irrelevant,letter,right,letter_19,1,1.0542110744159,0.116,1.116,offset,1100
SX185,prp,0,5,36,face_14,object_08,non-target,object,left,object_06,1.5,1.98836728212797,0.466,1.966,offset,1000
SX185,prp,0,5,37,face_14,object_08,non-target,object,center,object_15,1.5,1.31226981199182,0,1.5,offset,1000
SX185,prp,0,6,1,face_15,object_02,non-target,face,center,face_18,1,1.12200405525644,0.232,1.232,offset,1100
SX185,prp,0,6,2,face_15,object_02,non-target,face,right,face_01,1,0.874939552440121,0.116,1.116,offset,1000
SX185,prp,0,6,3,face_15,object_02,non-target,object,center,object_07,1.5,1.86036539134789,0.232,0.232,onset,1100
SX185,prp,0,6,4,face_15,object_02,non-target,face,center,face_09,1.5,0.929862626576331,0.466,0.466,onset,1000
SX185,prp,0,6,5,face_15,object_02,irrelevant,false_font,center,false_font_16,1.5,1.03710493025745,0.232,0.232,onset,1100
SX185,prp,0,6,6,face_15,object_02,non-target,face,center,face_03,1.5,1.91362089700144,0.116,0.116,onset,1000
SX185,prp,0,6,7,face_15,object_02,irrelevant,false_font,center,false_font_08,0.5,1.19444020446639,0.116,0.616,offset,1100
SX185,prp,0,6,8,face_15,object_02,non-target,face,center,face_03,0.5,1.23471042628411,0.232,0.232,onset,1100
SX185,prp,0,6,9,face_15,object_02,non-target,face,left,face_06,1,1.06120792320297,0.116,0.116,onset,1000
SX185,prp,0,6,10,face_15,object_02,non-target,object,center,object_05,1,0.787778064080256,0.116,1.116,offset,1000
SX185,prp,0,6,11,face_15,object_02,irrelevant,letter,left,letter_11,1,0.850557831572743,0,0,onset,1000
SX185,prp,0,6,12,face_15,object_02,irrelevant,false_font,right,false_font_20,1.5,1.8778696152234,0.466,0.466,onset,1100
SX185,prp,0,6,13,face_15,object_02,irrelevant,letter,left,letter_12,1.5,1.67664928865583,0,0,onset,1100
SX185,prp,0,6,14,face_15,object_02,target,face,center,face_15,1,1.38107522886769,0.116,0.116,onset,1000
SX185,prp,0,6,15,face_15,object_02,irrelevant,false_font,left,false_font_15,1.5,0.948865203135683,0,0,onset,1000
SX185,prp,0,6,16,face_15,object_02,irrelevant,false_font,center,false_font_12,1.5,1.03127147078097,0,1.5,offset,1000
SX185,prp,0,6,17,face_15,object_02,non-target,object,center,object_13,1.5,0.819953011578381,0.466,0.466,onset,1100
SX185,prp,0,6,18,face_15,object_02,non-target,face,left,face_14,1,0.703493924549183,0,1,offset,1000
SX185,prp,0,6,19,face_15,object_02,target,face,right,face_15,0.5,1.10212587193583,0.116,0.116,onset,1100
SX185,prp,0,6,20,face_15,object_02,irrelevant,false_font,center,false_font_08,0.5,1.19230678633458,0.232,0.732,offset,1100
SX185,prp,0,6,21,face_15,object_02,irrelevant,false_font,center,false_font_02,1.5,1.97976351261545,0.116,0.116,onset,1000
SX185,prp,0,6,22,face_15,object_02,irrelevant,false_font,center,false_font_04,1.5,1.69618719631766,0,0,onset,1100
SX185,prp,0,6,23,face_15,object_02,non-target,object,center,object_06,1.5,0.814447725323413,0,0,onset,1100
SX185,prp,0,6,24,face_15,object_02,non-target,face,right,face_08,1,1.28670243848943,0.466,1.466,offset,1000
SX185,prp,0,6,25,face_15,object_02,irrelevant,letter,center,letter_09,1,0.793892631261466,0,0,onset,1000
SX185,prp,0,6,26,face_15,object_02,irrelevant,false_font,center,false_font_12,1,1.08526092125321,0.466,1.466,offset,1000
SX185,prp,0,6,27,face_15,object_02,irrelevant,false_font,left,false_font_05,0.5,1.81769615418776,0,0,onset,1100
SX185,prp,0,6,28,face_15,object_02,non-target,face,center,face_03,1.5,1.57827526343867,0.466,1.966,offset,1000
SX185,prp,0,6,29,face_15,object_02,non-target,face,right,face_05,1,0.847410725896058,0,0,onset,1000
SX185,prp,0,6,30,face_15,object_02,non-target,face,center,face_08,1,0.939731852032422,0,1,offset,1000
SX185,prp,0,6,31,face_15,object_02,target,object,right,object_02,1,1.19433038650527,0.466,0.466,onset,1100
SX185,prp,0,6,32,face_15,object_02,irrelevant,false_font,right,false_font_08,1,1.66682629566256,0,1,offset,1000
SX185,prp,0,6,33,face_15,object_02,non-target,face,left,face_10,1,1.24083793001637,0.466,1.466,offset,1100
SX185,prp,0,6,34,face_15,object_02,irrelevant,letter,right,letter_11,1.5,0.809677714669878,0.232,0.232,onset,1100
SX185,prp,0,6,35,face_15,object_02,irrelevant,false_font,center,false_font_20,0.5,1.97346816178785,0,0.5,offset,1100
SX185,prp,0,7,1,letter_18,false_font_02,target,letter,center,letter_18,1,0.960534221697042,0,1,offset,1100
SX185,prp,0,7,2,letter_18,false_font_02,irrelevant,object,right,object_12,0.5,1.74134105807238,0.466,0.466,onset,1100
SX185,prp,0,7,3,letter_18,false_font_02,target,letter,center,letter_18,1,0.956322075063256,0,0,onset,1000
SX185,prp,0,7,4,letter_18,false_font_02,target,letter,center,letter_18,1,0.9582562696208,0.116,0.116,onset,1100
SX185,prp,0,7,5,letter_18,false_font_02,non-target,false_font,center,false_font_08,1,0.707614709158568,0.232,0.232,onset,1000
SX185,prp,0,7,6,letter_18,false_font_02,non-target,false_font,center,false_font_15,1,1.14975485901395,0.232,0.232,onset,1100
SX185,prp,0,7,7,letter_18,false_font_02,non-target,letter,right,letter_14,1.5,1.81413255341163,0.232,1.732,offset,1100
SX185,prp,0,7,8,letter_18,false_font_02,non-target,false_font,right,false_font_13,1.5,1.49088835617395,0.466,1.966,offset,1000
SX185,prp,0,7,9,letter_18,false_font_02,irrelevant,face,center,face_03,0.5,1.7726605702115,0,0,onset,1000
SX185,prp,0,7,10,letter_18,false_font_02,irrelevant,object,center,object_04,1,1.14072810107551,0,0,onset,1100
SX185,prp,0,7,11,letter_18,false_font_02,non-target,letter,center,letter_01,1.5,1.04929650561418,0.466,0.466,onset,1000
SX185,prp,0,7,12,letter_18,false_font_02,irrelevant,object,right,object_05,1.5,0.960390903708457,0,1.5,offset,1000
SX185,prp,0,7,13,letter_18,false_font_02,non-target,false_font,right,false_font_11,1.5,0.749642341926785,0.116,1.616,offset,1000
SX185,prp,0,7,14,letter_18,false_font_02,irrelevant,object,right,object_12,1,1.19687029440356,0.466,0.466,onset,1000
SX185,prp,0,7,15,letter_18,false_font_02,irrelevant,face,center,face_01,1,0.993499812837493,0.232,1.232,offset,1100
SX185,prp,0,7,16,letter_18,false_font_02,non-target,letter,right,letter_14,1,1.12461111954394,0.232,0.232,onset,1000
SX185,prp,0,7,17,letter_18,false_font_02,non-target,letter,center,letter_15,1,1.58863024666665,0.232,0.232,onset,1100
SX185,prp,0,7,18,letter_18,false_font_02,irrelevant,object,left,object_15,1,0.760007984235056,0.466,0.466,onset,1100
SX185,prp,0,7,19,letter_18,false_font_02,non-target,false_font,left,false_font_17,1.5,0.903903820103663,0,1.5,offset,1000
SX185,prp,0,7,20,letter_18,false_font_02,non-target,letter,right,letter_12,0.5,0.946185195401079,0.466,0.466,onset,1100
SX185,prp,0,7,21,letter_18,false_font_02,non-target,letter,center,letter_14,1,1.88107808213653,0,1,offset,1100
SX185,prp,0,7,22,letter_18,false_font_02,irrelevant,face,center,face_11,1,1.84915304637793,0.116,0.116,onset,1000
SX185,prp,0,7,23,letter_18,false_font_02,non-target,false_font,right,false_font_07,1.5,1.46087277511481,0.466,1.966,offset,1000
SX185,prp,0,7,24,letter_18,false_font_02,non-target,letter,center,letter_15,1.5,0.849566344770512,0.116,0.116,onset,1000
SX185,prp,0,7,25,letter_18,false_font_02,non-target,letter,center,letter_11,0.5,1.06492878807308,0,0,onset,1100
SX185,prp,0,7,26,letter_18,false_font_02,irrelevant,face,center,face_07,1.5,1.09305484696452,0.232,1.732,offset,1000
SX185,prp,0,7,27,letter_18,false_font_02,irrelevant,face,right,face_18,0.5,0.939762214570361,0.466,0.466,onset,1100
SX185,prp,0,7,28,letter_18,false_font_02,non-target,false_font,left,false_font_20,1.5,1.51645066837997,0.466,1.966,offset,1000
SX185,prp,0,7,29,letter_18,false_font_02,irrelevant,object,center,object_16,0.5,0.756881684950665,0.466,0.966,offset,1100
SX185,prp,0,7,30,letter_18,false_font_02,irrelevant,face,left,face_13,1.5,1.34676853914811,0.232,1.732,offset,1100
SX185,prp,0,7,31,letter_18,false_font_02,irrelevant,object,right,object_20,1,1.27435217049745,0.116,1.116,offset,1100
SX185,prp,0,7,32,letter_18,false_font_02,target,false_font,center,false_font_02,0.5,0.927225138261317,0.232,0.232,onset,1100
SX185,prp,0,7,33,letter_18,false_font_02,irrelevant,object,right,object_16,0.5,1.2551829150895,0,0.5,offset,1000
SX185,prp,0,7,34,letter_18,false_font_02,irrelevant,face,center,face_01,1,1.39341877688661,0.466,0.466,onset,1000
SX185,prp,0,7,35,letter_18,false_font_02,non-target,letter,center,letter_08,0.5,1.52193982896483,0.232,0.732,offset,1000
SX185,prp,0,7,36,letter_18,false_font_02,irrelevant,face,center,face_05,1,1.08750839761377,0.232,0.232,onset,1000
SX185,prp,0,8,1,letter_18,false_font_10,irrelevant,face,right,face_07,1.5,1.6957367272943,0.116,0.116,onset,1000
SX185,prp,0,8,2,letter_18,false_font_10,non-target,letter,right,letter_10,0.5,0.989134747079162,0.232,0.732,offset,1100
SX185,prp,0,8,3,letter_18,false_font_10,non-target,letter,center,letter_13,1,0.768884779069022,0.466,0.466,onset,1000
SX185,prp,0,8,4,letter_18,false_font_10,non-target,false_font,left,false_font_05,1.5,1.12661069750144,0.116,0.116,onset,1000
SX185,prp,0,8,5,letter_18,false_font_10,target,false_font,left,false_font_10,1.5,0.884771133418489,0.232,0.232,onset,1000
SX185,prp,0,8,6,letter_18,false_font_10,non-target,false_font,center,false_font_14,1,0.988053167250927,0.116,1.116,offset,1000
SX185,prp,0,8,7,letter_18,false_font_10,irrelevant,face,center,face_06,1.5,1.79980387912325,0.116,0.116,onset,1000
SX185,prp,0,8,8,letter_18,false_font_10,non-target,false_font,center,false_font_02,1.5,1.45572179005206,0.466,0.466,onset,1100
SX185,prp,0,8,9,letter_18,false_font_10,non-target,letter,center,letter_01,0.5,0.81575337124886,0.466,0.466,onset,1100
SX185,prp,0,8,10,letter_18,false_font_10,non-target,letter,left,letter_20,1,0.733987892512094,0.466,0.466,onset,1100
SX185,prp,0,8,11,letter_18,false_font_10,non-target,false_font,center,false_font_08,1.5,0.94070189243903,0.232,0.232,onset,1100
SX185,prp,0,8,12,letter_18,false_font_10,target,letter,right,letter_18,1.5,1.82656223789164,0.116,1.616,offset,1000
SX185,prp,0,8,13,letter_18,false_font_10,irrelevant,face,right,face_06,1.5,1.3250591190591,0.116,1.616,offset,1000
SX185,prp,0,8,14,letter_18,false_font_10,non-target,false_font,center,false_font_07,0.5,1.38818273147957,0.466,0.966,offset,1100
SX185,prp,0,8,15,letter_18,false_font_10,non-target,letter,center,letter_10,0.5,1.01476503024615,0,0.5,offset,1000
SX185,prp,0,8,16,letter_18,false_font_10,target,letter,center,letter_18,0.5,1.04781611923018,0.116,0.616,offset,1100
SX185,prp,0,8,17,letter_18,false_font_10,irrelevant,face,center,face_07,0.5,0.704700284796153,0.116,0.116,onset,1000
SX185,prp,0,8,18,letter_18,false_font_10,irrelevant,face,right,face_14,1,1.32998202526414,0.466,0.466,onset,1000
SX185,prp,0,8,19,letter_18,false_font_10,irrelevant,face,left,face_02,1.5,1.64828538443978,0.116,0.116,onset,1100
SX185,prp,0,8,20,letter_18,false_font_10,irrelevant,face,center,face_04,1.5,1.92459704508806,0.232,0.232,onset,1100
SX185,prp,0,8,21,letter_18,false_font_10,irrelevant,face,left,face_14,1,0.729704383709652,0,1,offset,1100
SX185,prp,0,8,22,letter_18,false_font_10,non-target,false_font,center,false_font_04,0.5,1.04328300250019,0.232,0.732,offset,1000
SX185,prp,0,8,23,letter_18,false_font_10,non-target,false_font,left,false_font_04,1.5,1.63550907337799,0.232,1.732,offset,1100
SX185,prp,0,8,24,letter_18,false_font_10,irrelevant,object,center,object_12,1.5,1.4989442661603,0.466,0.466,onset,1100
SX185,prp,0,8,25,letter_18,false_font_10,irrelevant,object,right,object_17,1.5,0.823107029072611,0.232,1.732,offset,1000
SX185,prp,0,8,26,letter_18,false_font_10,irrelevant,face,center,face_18,1,0.780564884286548,0,0,onset,1000
SX185,prp,0,8,27,letter_18,false_font_10,irrelevant,face,center,face_03,1,1.2741695344279,0.466,1.466,offset,1100
SX185,prp,0,8,28,letter_18,false_font_10,target,false_font,center,false_font_10,0.5,0.997073190266098,0.232,0.732,offset,1100
SX185,prp,0,8,29,letter_18,false_font_10,non-target,letter,right,letter_01,0.5,1.42102720623223,0.232,0.732,offset,1000
SX185,prp,0,8,30,letter_18,false_font_10,irrelevant,face,center,face_18,0.5,1.09065821885176,0.466,0.966,offset,1100
SX185,prp,0,8,31,letter_18,false_font_10,non-target,false_font,center,false_font_09,0.5,1.91693935209475,0.232,0.232,onset,1000
SX185,prp,0,8,32,letter_18,false_font_10,irrelevant,object,left,object_04,0.5,1.96624547231076,0.466,0.466,onset,1000
SX185,prp,0,8,33,letter_18,false_font_10,irrelevant,object,center,object_01,1,1.57061623048609,0.466,0.466,onset,1100
SX185,prp,0,8,34,letter_18,false_font_10,non-target,false_font,right,false_font_18,0.5,1.66408405466267,0.232,0.232,onset,1000
SX185,prp,0,8,35,letter_18,false_font_10,irrelevant,face,center,face_19,0.5,0.831698478203999,0.466,0.466,onset,1000
SX185,prp,0,8,36,letter_18,false_font_10,non-target,false_font,center,false_font_12,0.5,1.07961027036733,0.466,0.466,onset,1000
SX185,prp,0,8,37,letter_18,false_font_10,target,false_font,left,false_font_10,1.5,0.840157080874809,0.232,0.232,onset,1000
SX185,prp,0,9,1,letter_17,false_font_03,non-target,false_font,left,false_font_10,1,0.917882449738308,0,1,offset,1000
SX185,prp,0,9,2,letter_17,false_font_03,irrelevant,face,right,face_13,1,1.69675411832684,0.116,1.116,offset,1000
SX185,prp,0,9,3,letter_17,false_font_03,irrelevant,face,right,face_04,1,0.845583963404648,0.466,1.466,offset,1000
SX185,prp,0,9,4,letter_17,false_font_03,target,letter,left,letter_17,0.5,1.47933474626572,0,0,onset,1000
SX185,prp,0,9,5,letter_17,false_font_03,irrelevant,object,center,object_15,1,1.02002932849019,0.466,1.466,offset,1000
SX185,prp,0,9,6,letter_17,false_font_03,non-target,false_font,center,false_font_07,1,0.843372767571321,0.232,1.232,offset,1000
SX185,prp,0,9,7,letter_17,false_font_03,irrelevant,object,left,object_13,1.5,1.76422682722061,0.116,1.616,offset,1100
SX185,prp,0,9,8,letter_17,false_font_03,irrelevant,face,center,face_19,1.5,1.83869480941407,0.116,0.116,onset,1000
SX185,prp,0,9,9,letter_17,false_font_03,non-target,false_font,left,false_font_09,1,1.10882363397307,0.232,1.232,offset,1100
SX185,prp,0,9,10,letter_17,false_font_03,irrelevant,object,right,object_10,1.5,1.39665953306843,0.466,0.466,onset,1000
SX185,prp,0,9,11,letter_17,false_font_03,irrelevant,object,right,object_14,0.5,0.802473281729588,0,0,onset,1000
SX185,prp,0,9,12,letter_17,false_font_03,non-target,false_font,center,false_font_09,1,1.79200052556783,0,0,onset,1000
SX185,prp,0,9,13,letter_17,false_font_03,target,false_font,left,false_font_03,1,0.909841428553071,0.232,1.232,offset,1000
SX185,prp,0,9,14,letter_17,false_font_03,non-target,letter,center,letter_05,1.5,1.02042394170944,0,1.5,offset,1100
SX185,prp,0,9,15,letter_17,false_font_03,non-target,letter,right,letter_19,0.5,0.92283708336128,0.116,0.616,offset,1000
SX185,prp,0,9,16,letter_17,false_font_03,non-target,false_font,center,false_font_19,1.5,1.23019284928265,0,0,onset,1000
SX185,prp,0,9,17,letter_17,false_font_03,target,letter,center,letter_17,1.5,0.732006699420077,0.232,1.732,offset,1000
SX185,prp,0,9,18,letter_17,false_font_03,non-target,false_font,left,false_font_14,1,1.64940108875111,0,0,onset,1100
SX185,prp,0,9,19,letter_17,false_font_03,non-target,letter,center,letter_03,0.5,1.4568881605859,0,0.5,offset,1000
SX185,prp,0,9,20,letter_17,false_font_03,irrelevant,object,center,object_06,1,0.851481064790401,0.232,1.232,offset,1000
SX185,prp,0,9,21,letter_17,false_font_03,irrelevant,face,right,face_18,1,1.99640082852509,0.232,1.232,offset,1000
SX185,prp,0,9,22,letter_17,false_font_03,non-target,letter,center,letter_08,1,1.19376893724425,0.116,0.116,onset,1000
SX185,prp,0,9,23,letter_17,false_font_03,irrelevant,face,center,face_01,0.5,1.97168582260363,0.116,0.116,onset,1000
SX185,prp,0,9,24,letter_17,false_font_03,target,false_font,right,false_font_03,1,1.98558215775899,0.466,1.466,offset,1100
SX185,prp,0,9,25,letter_17,false_font_03,target,false_font,left,false_font_03,0.5,0.758749719282623,0.116,0.616,offset,1000
SX185,prp,0,9,26,letter_17,false_font_03,non-target,letter,right,letter_12,1.5,1.22443541016667,0.232,1.732,offset,1000
SX185,prp,0,9,27,letter_17,false_font_03,non-target,false_font,center,false_font_05,1,0.702495133303487,0.116,0.116,onset,1000
SX185,prp,0,9,28,letter_17,false_font_03,irrelevant,face,left,face_07,0.5,1.00177678938455,0.232,0.232,onset,1100
SX185,prp,0,9,29,letter_17,false_font_03,non-target,false_font,center,false_font_19,1.5,0.932821622435065,0.232,0.232,onset,1100
SX185,prp,0,9,30,letter_17,false_font_03,non-target,letter,left,letter_05,0.5,0.717833760138697,0.466,0.966,offset,1100
SX185,prp,0,9,31,letter_17,false_font_03,non-target,false_font,left,false_font_11,1,1.90983426693266,0.232,0.232,onset,1100
SX185,prp,0,9,32,letter_17,false_font_03,irrelevant,object,center,object_05,1.5,0.85756609096347,0.116,0.116,onset,1100
SX185,prp,0,9,33,letter_17,false_font_03,irrelevant,object,center,object_10,1,1.36513635346364,0.466,0.466,onset,1000
SX185,prp,0,9,34,letter_17,false_font_03,irrelevant,object,right,object_04,1,1.95103213082876,0.116,0.116,onset,1100
SX185,prp,0,9,35,letter_17,false_font_03,irrelevant,face,center,face_11,0.5,1.14732828700915,0,0,onset,1000
SX185,prp,0,9,36,letter_17,false_font_03,non-target,letter,center,letter_06,0.5,1.70511836844616,0,0,onset,1100
SX185,prp,0,9,37,letter_17,false_font_03,irrelevant,face,center,face_13,0.5,0.940417024784735,0.116,0.116,onset,1100
SX185,prp,0,9,38,letter_17,false_font_03,target,letter,right,letter_17,1.5,1.1786673440964,0.466,0.466,onset,1000
SX185,prp,0,10,1,letter_06,false_font_17,non-target,false_font,right,false_font_20,1,0.944485288632377,0.116,0.116,onset,1000
SX185,prp,0,10,2,letter_06,false_font_17,irrelevant,face,left,face_15,1.5,1.96916112700747,0,0,onset,1000
SX185,prp,0,10,3,letter_06,false_font_17,irrelevant,face,right,face_09,1,0.703135162775902,0.232,0.232,onset,1100
SX185,prp,0,10,4,letter_06,false_font_17,non-target,false_font,right,false_font_02,1.5,1.63234325628319,0,1.5,offset,1100
SX185,prp,0,10,5,letter_06,false_font_17,non-target,false_font,left,false_font_12,1.5,1.32623804416534,0.116,1.616,offset,1100
SX185,prp,0,10,6,letter_06,false_font_17,irrelevant,face,center,face_14,1.5,0.927014362797827,0.116,1.616,offset,1100
SX185,prp,0,10,7,letter_06,false_font_17,non-target,false_font,right,false_font_14,1,0.791108598845923,0.466,1.466,offset,1000
SX185,prp,0,10,8,letter_06,false_font_17,irrelevant,face,center,face_08,1,1.16473701724704,0.232,0.232,onset,1100
SX185,prp,0,10,9,letter_06,false_font_17,non-target,letter,center,letter_13,1.5,1.09501596454574,0.466,0.466,onset,1100
SX185,prp,0,10,10,letter_06,false_font_17,target,false_font,center,false_font_17,1.5,1.07222298109928,0.116,0.116,onset,1000
SX185,prp,0,10,11,letter_06,false_font_17,irrelevant,object,right,object_06,0.5,1.43740693963002,0.466,0.966,offset,1100
SX185,prp,0,10,12,letter_06,false_font_17,non-target,false_font,center,false_font_12,1,1.05339945402698,0.116,0.116,onset,1100
SX185,prp,0,10,13,letter_06,false_font_17,irrelevant,face,center,face_02,0.5,1.04761163720303,0.116,0.616,offset,1000
SX185,prp,0,10,14,letter_06,false_font_17,non-target,letter,center,letter_18,1,0.769837829683332,0.466,1.466,offset,1100
SX185,prp,0,10,15,letter_06,false_font_17,non-target,false_font,right,false_font_01,1,1.33960195924307,0.232,0.232,onset,1000
SX185,prp,0,10,16,letter_06,false_font_17,target,letter,center,letter_06,1,1.04419962380478,0.466,0.466,onset,1100
SX185,prp,0,10,17,letter_06,false_font_17,target,letter,center,letter_06,1,1.40392234523039,0.232,0.232,onset,1000
SX185,prp,0,10,18,letter_06,false_font_17,non-target,letter,center,letter_15,1.5,1.73793957466314,0,0,onset,1100
SX185,prp,0,10,19,letter_06,false_font_17,target,false_font,center,false_font_17,1.5,0.897761331664413,0.232,1.732,offset,1100
SX185,prp,0,10,20,letter_06,false_font_17,irrelevant,face,center,face_18,1,1.54999129215946,0.232,0.232,onset,1000
SX185,prp,0,10,21,letter_06,false_font_17,irrelevant,object,right,object_08,1.5,1.7567048844506,0.116,1.616,offset,1100
SX185,prp,0,10,22,letter_06,false_font_17,non-target,false_font,center,false_font_04,1,1.05296258155707,0,1,offset,1100
SX185,prp,0,10,23,letter_06,false_font_17,irrelevant,face,right,face_15,1.5,1.00413908752331,0,1.5,offset,1100
SX185,prp,0,10,24,letter_06,false_font_17,irrelevant,face,left,face_12,0.5,1.18817045504655,0.116,0.116,onset,1100
SX185,prp,0,10,25,letter_06,false_font_17,irrelevant,face,right,face_10,1.5,1.61434465260039,0.116,1.616,offset,1100
SX185,prp,0,10,26,letter_06,false_font_17,irrelevant,object,center,object_11,0.5,0.960712970928243,0.466,0.466,onset,1000
SX185,prp,0,10,27,letter_06,false_font_17,non-target,false_font,left,false_font_02,1,0.993370910716503,0.232,1.232,offset,1100
SX185,prp,0,10,28,letter_06,false_font_17,non-target,false_font,center,false_font_18,1,0.997967305765337,0.232,0.232,onset,1100
SX185,prp,0,10,29,letter_06,false_font_17,non-target,letter,left,letter_03,0.5,1.47185476798696,0.232,0.732,offset,1100
SX185,prp,0,10,30,letter_06,false_font_17,non-target,letter,left,letter_14,1,1.17472408381867,0.116,0.116,onset,1100
SX185,prp,0,10,31,letter_06,false_font_17,irrelevant,face,right,face_04,1.5,1.58109634832345,0.116,0.116,onset,1100
SX185,prp,0,10,32,letter_06,false_font_17,irrelevant,face,right,face_05,0.5,1.50480662494043,0.232,0.732,offset,1000
SX185,prp,0,10,33,letter_06,false_font_17,irrelevant,object,center,object_11,0.5,0.864313312886224,0.232,0.732,offset,1000
SX185,prp,0,10,34,letter_06,false_font_17,irrelevant,object,left,object_18,1,1.95572446693917,0.466,1.466,offset,1000
SX185,prp,0,10,35,letter_06,false_font_17,non-target,false_font,right,false_font_12,1,0.988270289393441,0.116,1.116,offset,1000
SX185,prp,0,10,36,letter_06,false_font_17,non-target,false_font,right,false_font_15,1,1.53741555352092,0.232,1.232,offset,1100
SX185,prp,0,10,37,letter_06,false_font_17,target,false_font,center,false_font_17,1.5,1.38719585834422,0.466,0.466,onset,1000
SX185,prp,0,11,1,face_13,object_10,non-target,object,center,object_15,1,1.14450917326901,0.116,0.116,onset,1000
SX185,prp,0,11,2,face_13,object_10,irrelevant,letter,right,letter_03,0.5,1.00545324084673,0.466,0.966,offset,1100
SX185,prp,0,11,3,face_13,object_10,non-target,face,right,face_10,1.5,1.48300292272923,0.232,1.732,offset,1100
SX185,prp,0,11,4,face_13,object_10,non-target,object,center,object_04,1.5,1.47463078144274,0.466,0.466,onset,1000
SX185,prp,0,11,5,face_13,object_10,irrelevant,letter,center,letter_08,0.5,0.941812123031615,0.466,0.466,onset,1000
SX185,prp,0,11,6,face_13,object_10,non-target,face,center,face_10,1.5,0.740080145882734,0,0,onset,1000
SX185,prp,0,11,7,face_13,object_10,non-target,face,left,face_04,1.5,0.783881757120122,0.466,1.966,offset,1100
SX185,prp,0,11,8,face_13,object_10,non-target,face,left,face_16,0.5,1.74436193565908,0.232,0.732,offset,1100
SX185,prp,0,11,9,face_13,object_10,irrelevant,letter,center,letter_06,1,0.908119297158155,0.466,0.466,onset,1000
SX185,prp,0,11,10,face_13,object_10,non-target,face,right,face_15,0.5,0.98989590222094,0.466,0.966,offset,1000
SX185,prp,0,11,11,face_13,object_10,irrelevant,letter,right,letter_05,1,1.63005352144627,0,0,onset,1000
SX185,prp,0,11,12,face_13,object_10,irrelevant,letter,left,letter_12,0.5,1.72691216606533,0.232,0.732,offset,1100
SX185,prp,0,11,13,face_13,object_10,target,face,left,face_13,0.5,0.735457719815924,0.116,0.616,offset,1100
SX185,prp,0,11,14,face_13,object_10,irrelevant,false_font,center,false_font_18,1.5,0.766250397400015,0.116,0.116,onset,1100
SX185,prp,0,11,15,face_13,object_10,non-target,face,center,face_11,1.5,1.2544244845144,0.116,0.116,onset,1100
SX185,prp,0,11,16,face_13,object_10,irrelevant,letter,center,letter_01,1.5,1.11007983260713,0,0,onset,1100
SX185,prp,0,11,17,face_13,object_10,irrelevant,letter,center,letter_04,1.5,1.06232997775148,0.232,0.232,onset,1000
SX185,prp,0,11,18,face_13,object_10,non-target,face,left,face_01,1.5,1.49874687300528,0,1.5,offset,1000
SX185,prp,0,11,19,face_13,object_10,non-target,face,right,face_06,1.5,0.800991992269043,0,0,onset,1100
SX185,prp,0,11,20,face_13,object_10,non-target,face,center,face_16,0.5,0.894561109916575,0,0.5,offset,1000
SX185,prp,0,11,21,face_13,object_10,irrelevant,false_font,right,false_font_01,1.5,1.06200464980519,0.232,0.232,onset,1100
SX185,prp,0,11,22,face_13,object_10,irrelevant,letter,right,letter_04,1.5,1.27967903655939,0,1.5,offset,1100
SX185,prp,0,11,23,face_13,object_10,non-target,face,center,face_07,0.5,0.930242817449335,0,0,onset,1000
SX185,prp,0,11,24,face_13,object_10,target,object,right,object_10,1.5,0.731652927828219,0.232,1.732,offset,1000
SX185,prp,0,11,25,face_13,object_10,irrelevant,false_font,left,false_font_05,1.5,0.733428549378221,0,1.5,offset,1100
SX185,prp,0,11,26,face_13,object_10,target,face,left,face_13,0.5,0.758100662561354,0,0.5,offset,1100
SX185,prp,0,11,27,face_13,object_10,target,object,center,object_10,0.5,1.03076973593509,0,0,onset,1100
SX185,prp,0,11,28,face_13,object_10,irrelevant,letter,center,letter_02,1.5,1.47265700709692,0.466,0.466,onset,1000
SX185,prp,0,11,29,face_13,object_10,non-target,object,center,object_18,1.5,0.809832261838358,0,1.5,offset,1000
SX185,prp,0,11,30,face_13,object_10,irrelevant,false_font,center,false_font_03,1.5,0.979171438769456,0,0,onset,1000
SX185,prp,0,11,31,face_13,object_10,non-target,face,center,face_15,1.5,1.47266001343217,0.116,0.116,onset,1000
SX185,prp,0,11,32,face_13,object_10,non-target,object,center,object_01,1,0.912649059016436,0.466,0.466,onset,1000
SX185,prp,0,11,33,face_13,object_10,irrelevant,letter,center,letter_06,0.5,1.11690693181284,0.116,0.116,onset,1000
SX185,prp,0,11,34,face_13,object_10,irrelevant,false_font,left,false_font_03,1.5,1.07067778693492,0.466,1.966,offset,1100
SX185,prp,0,11,35,face_13,object_10,non-target,face,center,face_08,1,1.0812565699137,0.466,0.466,onset,1000
SX185,prp,0,11,36,face_13,object_10,irrelevant,letter,left,letter_13,1.5,1.53297146426306,0.466,1.966,offset,1100
SX185,prp,0,12,1,face_19,object_16,target,object,center,object_16,0.5,1.67754066385151,0.232,0.732,offset,1100
SX185,prp,0,12,2,face_19,object_16,non-target,object,right,object_03,1,0.849280351788533,0.466,1.466,offset,1000
SX185,prp,0,12,3,face_19,object_16,irrelevant,false_font,left,false_font_16,0.5,1.08302142080977,0.116,0.616,offset,1100
SX185,prp,0,12,4,face_19,object_16,irrelevant,false_font,left,false_font_07,1.5,1.44586456475199,0.466,0.466,onset,1100
SX185,prp,0,12,5,face_19,object_16,irrelevant,letter,left,letter_12,1,1.49150518678908,0.232,1.232,offset,1100
SX185,prp,0,12,6,face_19,object_16,irrelevant,false_font,center,false_font_16,1,1.5026598661491,0.232,1.232,offset,1000
SX185,prp,0,12,7,face_19,object_16,non-target,object,center,object_05,1.5,1.10681300050564,0,0,onset,1100
SX185,prp,0,12,8,face_19,object_16,irrelevant,letter,right,letter_17,0.5,0.828264780846656,0,0,onset,1100
SX185,prp,0,12,9,face_19,object_16,irrelevant,letter,center,letter_10,1.5,1.02635774817604,0.116,1.616,offset,1000
SX185,prp,0,12,10,face_19,object_16,non-target,face,center,face_20,0.5,0.759986051077075,0.232,0.732,offset,1000
SX185,prp,0,12,11,face_19,object_16,non-target,face,center,face_16,0.5,1.43270971887085,0.116,0.616,offset,1100
SX185,prp,0,12,12,face_19,object_16,non-target,object,left,object_17,1,1.0553573072945,0.116,1.116,offset,1000
SX185,prp,0,12,13,face_19,object_16,non-target,face,center,face_02,0.5,1.53419034601743,0.466,0.966,offset,1000
SX185,prp,0,12,14,face_19,object_16,non-target,object,center,object_11,1.5,1.53956872770199,0.232,0.232,onset,1000
SX185,prp,0,12,15,face_19,object_16,non-target,face,center,face_10,1,0.846810581282533,0,0,onset,1100
SX185,prp,0,12,16,face_19,object_16,irrelevant,false_font,left,false_font_13,1.5,0.71289408164705,0.116,1.616,offset,1000
SX185,prp,0,12,17,face_19,object_16,non-target,object,left,object_17,1.5,1.07297921999436,0,1.5,offset,1000
SX185,prp,0,12,18,face_19,object_16,irrelevant,false_font,center,false_font_15,1,0.871415948283859,0.232,0.232,onset,1000
SX185,prp,0,12,19,face_19,object_16,non-target,face,right,face_08,0.5,1.89095124126669,0.466,0.466,onset,1100
SX185,prp,0,12,20,face_19,object_16,target,face,center,face_19,0.5,0.712349240550973,0.116,0.116,onset,1000
SX185,prp,0,12,21,face_19,object_16,irrelevant,letter,right,letter_02,1.5,0.800709003415692,0.466,1.966,offset,1100
SX185,prp,0,12,22,face_19,object_16,non-target,object,center,object_02,1,0.806496782915162,0.232,0.232,onset,1000
SX185,prp,0,12,23,face_19,object_16,target,object,left,object_16,1,0.754010570029599,0.232,1.232,offset,1100
SX185,prp,0,12,24,face_19,object_16,non-target,face,center,face_05,1.5,1.40941550884971,0.466,0.466,onset,1100
SX185,prp,0,12,25,face_19,object_16,irrelevant,letter,center,letter_14,0.5,0.920782253667743,0.232,0.732,offset,1100
SX185,prp,0,12,26,face_19,object_16,irrelevant,false_font,left,false_font_04,1.5,1.31604457480756,0.232,1.732,offset,1100
SX185,prp,0,12,27,face_19,object_16,irrelevant,false_font,center,false_font_10,1,0.830154515906989,0.232,0.232,onset,1100
SX185,prp,0,12,28,face_19,object_16,non-target,face,center,face_14,0.5,1.54548002968454,0.116,0.616,offset,1100
SX185,prp,0,12,29,face_19,object_16,target,face,right,face_19,1.5,1.08644234620995,0,0,onset,1100
SX185,prp,0,12,30,face_19,object_16,irrelevant,false_font,center,false_font_06,1,0.773608192844374,0.116,1.116,offset,1000
SX185,prp,0,12,31,face_19,object_16,irrelevant,letter,center,letter_11,1,1.21580438308473,0.466,0.466,onset,1000
SX185,prp,0,12,32,face_19,object_16,irrelevant,letter,left,letter_18,1.5,0.9775066175008,0.116,1.616,offset,1100
SX185,prp,0,12,33,face_19,object_16,non-target,face,center,face_10,0.5,1.95732940058616,0.232,0.232,onset,1000
SX185,prp,0,12,34,face_19,object_16,irrelevant,letter,left,letter_20,0.5,1.24641519473287,0.466,0.966,offset,1100
SX185,prp,0,12,35,face_19,object_16,target,object,center,object_16,0.5,0.897007210919318,0.232,0.232,onset,1000
SX185,prp,0,12,36,face_19,object_16,non-target,face,center,face_13,0.5,0.775038240835235,0.232,0.732,offset,1000
SX185,prp,0,12,37,face_19,object_16,non-target,face,right,face_14,0.5,1.66109009061759,0.116,0.116,onset,1100
SX185,prp,0,13,1,face_03,object_04,target,object,center,object_04,0.5,1.31704294175997,0,0,onset,1100
SX185,prp,0,13,2,face_03,object_04,non-target,object,left,object_07,1,0.737955734290563,0,0,onset,1100
SX185,prp,0,13,3,face_03,object_04,target,object,center,object_04,0.5,0.962436231125551,0,0,onset,1100
SX185,prp,0,13,4,face_03,object_04,irrelevant,false_font,center,false_font_19,0.5,0.830300087917524,0.116,0.116,onset,1100
SX185,prp,0,13,5,face_03,object_04,non-target,face,left,face_15,0.5,1.70203882068492,0.116,0.616,offset,1100
SX185,prp,0,13,6,face_03,object_04,irrelevant,false_font,left,false_font_18,1,1.25342064813305,0.116,1.116,offset,1000
SX185,prp,0,13,7,face_03,object_04,irrelevant,letter,center,letter_03,1,0.742953932830939,0.466,1.466,offset,1000
SX185,prp,0,13,8,face_03,object_04,non-target,object,left,object_19,0.5,1.02525567147187,0.232,0.232,onset,1000
SX185,prp,0,13,9,face_03,object_04,non-target,face,center,face_04,1,0.993967205838406,0,0,onset,1100
SX185,prp,0,13,10,face_03,object_04,non-target,face,center,face_17,1.5,0.832461299299936,0.116,0.116,onset,1100
SX185,prp,0,13,11,face_03,object_04,target,face,center,face_03,1,0.87972048416659,0.466,1.466,offset,1000
SX185,prp,0,13,12,face_03,object_04,non-target,face,left,face_09,0.5,1.19856635365837,0.116,0.616,offset,1000
SX185,prp,0,13,13,face_03,object_04,irrelevant,false_font,right,false_font_19,1,0.807166741988356,0.116,0.116,onset,1100
SX185,prp,0,13,14,face_03,object_04,target,face,center,face_03,1,1.85185749731887,0.466,0.466,onset,1100
SX185,prp,0,13,15,face_03,object_04,non-target,face,right,face_16,1,0.808980224921781,0,0,onset,1100
SX185,prp,0,13,16,face_03,object_04,irrelevant,letter,center,letter_13,1.5,0.776210452078324,0.116,1.616,offset,1000
SX185,prp,0,13,17,face_03,object_04,non-target,object,center,object_18,0.5,1.1305507681978,0.116,0.116,onset,1100
SX185,prp,0,13,18,face_03,object_04,irrelevant,letter,center,letter_20,1,1.94326071167949,0.466,1.466,offset,1100
SX185,prp,0,13,19,face_03,object_04,non-target,face,center,face_12,0.5,1.39902129033735,0.466,0.966,offset,1100
SX185,prp,0,13,20,face_03,object_04,non-target,object,center,object_08,0.5,0.851573767876202,0,0,onset,1100
SX185,prp,0,13,21,face_03,object_04,non-target,face,center,face_12,1,0.707924230470072,0.116,0.116,onset,1000
SX185,prp,0,13,22,face_03,object_04,irrelevant,false_font,center,false_font_10,0.5,0.84616821217348,0.466,0.466,onset,1100
SX185,prp,0,13,23,face_03,object_04,irrelevant,letter,right,letter_14,1.5,0.800408092821305,0,0,onset,1000
SX185,prp,0,13,24,face_03,object_04,irrelevant,false_font,center,false_font_09,1,1.35572370144979,0.116,1.116,offset,1100
SX185,prp,0,13,25,face_03,object_04,non-target,object,right,object_10,1,1.46180482714995,0,0,onset,1100
SX185,prp,0,13,26,face_03,object_04,non-target,face,left,face_10,0.5,0.820828762036216,0.116,0.616,offset,1100
SX185,prp,0,13,27,face_03,object_04,irrelevant,false_font,center,false_font_12,0.5,1.12287268669419,0.466,0.966,offset,1100
SX185,prp,0,13,28,face_03,object_04,irrelevant,letter,left,letter_11,1.5,0.723227019764376,0.466,0.466,onset,1100
SX185,prp,0,13,29,face_03,object_04,non-target,face,right,face_17,1,0.742874400965099,0.116,1.116,offset,1100
SX185,prp,0,13,30,face_03,object_04,target,face,center,face_03,1.5,0.994061631271742,0.466,0.466,onset,1000
SX185,prp,0,13,31,face_03,object_04,irrelevant,letter,center,letter_16,0.5,0.77766508267995,0.466,0.466,onset,1000
SX185,prp,0,13,32,face_03,object_04,target,object,center,object_04,0.5,0.822314835643399,0.116,0.616,offset,1000
SX185,prp,0,13,33,face_03,object_04,non-target,face,center,face_10,0.5,1.00081507469389,0.466,0.966,offset,1100
SX185,prp,0,13,34,face_03,object_04,irrelevant,letter,center,letter_09,1,1.96012446773417,0.116,1.116,offset,1100
SX185,prp,0,13,35,face_03,object_04,irrelevant,false_font,right,false_font_20,0.5,0.807780616475122,0.116,0.116,onset,1100
SX185,prp,0,13,36,face_03,object_04,irrelevant,letter,right,letter_09,1.5,1.15187060137635,0,1.5,offset,1000
SX185,prp,0,13,37,face_03,object_04,irrelevant,letter,right,letter_01,1,0.850696446476881,0.232,1.232,offset,1000
SX185,prp,0,13,38,face_03,object_04,non-target,object,center,object_08,0.5,1.69678768414253,0.466,0.966,offset,1000
SX185,prp,0,14,1,face_08,object_02,irrelevant,false_font,left,false_font_08,1,1.83716825747298,0.466,1.466,offset,1100
SX185,prp,0,14,2,face_08,object_02,non-target,object,center,object_14,0.5,0.715316009707822,0.232,0.232,onset,1000
SX185,prp,0,14,3,face_08,object_02,irrelevant,letter,center,letter_03,1,1.04076854271857,0.232,0.232,onset,1000
SX185,prp,0,14,4,face_08,object_02,irrelevant,letter,right,letter_10,1.5,1.29762402835516,0.116,1.616,offset,1000
SX185,prp,0,14,5,face_08,object_02,non-target,face,center,face_03,0.5,0.742017902741821,0.466,0.966,offset,1000
SX185,prp,0,14,6,face_08,object_02,non-target,face,center,face_18,1,1.07368628717255,0.232,1.232,offset,1100
SX185,prp,0,14,7,face_08,object_02,target,object,center,object_02,0.5,1.13432902341714,0,0,onset,1000
SX185,prp,0,14,8,face_08,object_02,non-target,face,center,face_10,1,0.719376552269861,0.232,1.232,offset,1000
SX185,prp,0,14,9,face_08,object_02,irrelevant,false_font,center,false_font_06,1,1.26274198126877,0,0,onset,1100
SX185,prp,0,14,10,face_08,object_02,irrelevant,false_font,right,false_font_02,0.5,1.08184853725202,0,0,onset,1100
SX185,prp,0,14,11,face_08,object_02,irrelevant,false_font,center,false_font_07,0.5,1.20383098428029,0.466,0.466,onset,1000
SX185,prp,0,14,12,face_08,object_02,target,object,center,object_02,0.5,0.820877299153456,0,0,onset,1000
SX185,prp,0,14,13,face_08,object_02,non-target,object,right,object_04,0.5,1.01128568033888,0.116,0.116,onset,1000
SX185,prp,0,14,14,face_08,object_02,irrelevant,letter,center,letter_17,1.5,1.07988152350787,0.466,0.466,onset,1000
SX185,prp,0,14,15,face_08,object_02,non-target,object,center,object_04,1,0.776316291458332,0.232,0.232,onset,1100
SX185,prp,0,14,16,face_08,object_02,non-target,face,left,face_14,1.5,1.35697227169299,0,1.5,offset,1100
SX185,prp,0,14,17,face_08,object_02,irrelevant,false_font,left,false_font_03,0.5,0.842239530734589,0.466,0.966,offset,1100
SX185,prp,0,14,18,face_08,object_02,target,face,center,face_08,1,0.966767056871153,0.232,0.232,onset,1000
SX185,prp,0,14,19,face_08,object_02,non-target,face,center,face_13,0.5,1.01117951733174,0.466,0.466,onset,1100
SX185,prp,0,14,20,face_08,object_02,non-target,face,center,face_07,1.5,1.19220037558055,0,0,onset,1100
SX185,prp,0,14,21,face_08,object_02,irrelevant,false_font,left,false_font_12,1,1.03287090413636,0,0,onset,1100
SX185,prp,0,14,22,face_08,object_02,target,face,center,face_08,0.5,1.28497199126213,0.466,0.966,offset,1000
SX185,prp,0,14,23,face_08,object_02,irrelevant,false_font,left,false_font_16,1,0.801894568814082,0.232,1.232,offset,1100
SX185,prp,0,14,24,face_08,object_02,irrelevant,letter,left,letter_10,1.5,0.939195879070252,0.232,1.732,offset,1100
SX185,prp,0,14,25,face_08,object_02,non-target,face,left,face_20,1.5,0.769883996055692,0.116,0.116,onset,1100
SX185,prp,0,14,26,face_08,object_02,non-target,object,center,object_20,1.5,0.727279163926999,0.466,1.966,offset,1100
SX185,prp,0,14,27,face_08,object_02,irrelevant,letter,center,letter_18,1.5,0.916403957912099,0,1.5,offset,1000
SX185,prp,0,14,28,face_08,object_02,non-target,face,center,face_16,1,1.04532933502739,0,1,offset,1100
SX185,prp,0,14,29,face_08,object_02,irrelevant,false_font,right,false_font_05,0.5,1.71276535409531,0.116,0.616,offset,1000
SX185,prp,0,14,30,face_08,object_02,target,face,center,face_08,0.5,1.47745810678766,0.116,0.116,onset,1000
SX185,prp,0,14,31,face_08,object_02,non-target,face,left,face_20,1,0.712530812633497,0.116,1.116,offset,1100
SX185,prp,0,14,32,face_08,object_02,non-target,object,left,object_16,1.5,1.517220757655,0.232,0.232,onset,1100
SX185,prp,0,14,33,face_08,object_02,irrelevant,false_font,center,false_font_05,0.5,1.24327025622912,0.232,0.232,onset,1000
SX185,prp,0,14,34,face_08,object_02,irrelevant,letter,left,letter_06,0.5,0.811233292098587,0.116,0.616,offset,1000
SX185,prp,0,14,35,face_08,object_02,non-target,face,center,face_09,0.5,1.88521211620571,0,0,onset,1000
SX185,prp,0,14,36,face_08,object_02,non-target,face,center,face_07,1.5,1.81089587983137,0.116,1.616,offset,1000
SX185,prp,0,14,37,face_08,object_02,irrelevant,letter,center,letter_15,0.5,0.902982481080767,0.116,0.116,onset,1100
SX185,prp,0,15,1,letter_06,false_font_06,target,letter,left,letter_06,0.5,1.13473187502531,0.232,0.732,offset,1100
SX185,prp,0,15,2,letter_06,false_font_06,non-target,letter,left,letter_08,1.5,1.32375284162536,0.116,0.116,onset,1100
SX185,prp,0,15,3,letter_06,false_font_06,non-target,false_font,right,false_font_08,1,0.936281739803675,0.232,1.232,offset,1000
SX185,prp,0,15,4,letter_06,false_font_06,irrelevant,face,center,face_09,1,0.719427731165417,0.232,0.232,onset,1100
SX185,prp,0,15,5,letter_06,false_font_06,non-target,false_font,center,false_font_16,1.5,1.11827138118935,0.466,0.466,onset,1100
SX185,prp,0,15,6,letter_06,false_font_06,irrelevant,face,center,face_11,1,1.89531744411403,0.116,0.116,onset,1000
SX185,prp,0,15,7,letter_06,false_font_06,non-target,false_font,center,false_font_02,0.5,1.4472001542587,0.232,0.232,onset,1000
SX185,prp,0,15,8,letter_06,false_font_06,irrelevant,object,center,object_15,0.5,0.787184178734391,0.466,0.966,offset,1000
SX185,prp,0,15,9,letter_06,false_font_06,non-target,letter,right,letter_10,1.5,0.857975079808925,0,1.5,offset,1100
SX185,prp,0,15,10,letter_06,false_font_06,irrelevant,object,center,object_02,0.5,0.986323762432117,0.232,0.732,offset,1100
SX185,prp,0,15,11,letter_06,false_font_06,irrelevant,object,center,object_06,0.5,1.2232610221661,0.116,0.116,onset,1100
SX185,prp,0,15,12,letter_06,false_font_06,non-target,letter,right,letter_16,1,1.6411067546935,0.116,1.116,offset,1000
SX185,prp,0,15,13,letter_06,false_font_06,irrelevant,object,center,object_01,1,1.11918262746422,0.466,1.466,offset,1100
SX185,prp,0,15,14,letter_06,false_font_06,non-target,false_font,center,false_font_07,1.5,1.91828587912685,0,0,onset,1100
SX185,prp,0,15,15,letter_06,false_font_06,non-target,false_font,left,false_font_18,1.5,1.99536437156587,0.232,0.232,onset,1000
SX185,prp,0,15,16,letter_06,false_font_06,non-target,letter,right,letter_04,0.5,0.881553008528513,0,0,onset,1100
SX185,prp,0,15,17,letter_06,false_font_06,target,false_font,center,false_font_06,1.5,1.0813866790346,0.466,0.466,onset,1100
SX185,prp,0,15,18,letter_06,false_font_06,target,false_font,right,false_font_06,1,0.743334263696988,0.116,1.116,offset,1000
SX185,prp,0,15,19,letter_06,false_font_06,irrelevant,face,center,face_05,1.5,1.44282032043626,0,1.5,offset,1100
SX185,prp,0,15,20,letter_06,false_font_06,target,letter,right,letter_06,1.5,0.935015661219921,0.116,0.116,onset,1000
SX185,prp,0,15,21,letter_06,false_font_06,target,false_font,center,false_font_06,1,1.41560602096187,0.116,0.116,onset,1000
SX185,prp,0,15,22,letter_06,false_font_06,non-target,false_font,right,false_font_07,0.5,0.916611257080828,0,0.5,offset,1000
SX185,prp,0,15,23,letter_06,false_font_06,irrelevant,object,center,object_09,0.5,0.786244781421541,0.466,0.466,onset,1000
SX185,prp,0,15,24,letter_06,false_font_06,irrelevant,object,right,object_15,1,1.51045855326115,0.232,0.232,onset,1100
SX185,prp,0,15,25,letter_06,false_font_06,non-target,letter,right,letter_17,1.5,1.0155345013158,0,0,onset,1100
SX185,prp,0,15,26,letter_06,false_font_06,non-target,letter,center,letter_03,1,0.857908224687856,0.466,0.466,onset,1100
SX185,prp,0,15,27,letter_06,false_font_06,non-target,letter,left,letter_01,1.5,0.906634327216784,0,0,onset,1000
SX185,prp,0,15,28,letter_06,false_font_06,irrelevant,face,right,face_09,0.5,0.748676686037374,0.116,0.616,offset,1000
SX185,prp,0,15,29,letter_06,false_font_06,irrelevant,face,left,face_17,1.5,1.32739456269026,0.466,1.966,offset,1000
SX185,prp,0,15,30,letter_06,false_font_06,non-target,letter,left,letter_13,1.5,1.3710028117266,0.232,1.732,offset,1100
SX185,prp,0,15,31,letter_06,false_font_06,irrelevant,face,right,face_19,1,1.07522675761078,0.466,1.466,offset,1100
SX185,prp,0,15,32,letter_06,false_font_06,non-target,false_font,left,false_font_08,0.5,1.08039478399799,0.116,0.616,offset,1100
SX185,prp,0,15,33,letter_06,false_font_06,irrelevant,object,right,object_13,1,1.52091837857163,0,1,offset,1000
SX185,prp,0,15,34,letter_06,false_font_06,irrelevant,object,right,object_01,1.5,1.54310526958139,0,0,onset,1000
SX185,prp,0,15,35,letter_06,false_font_06,irrelevant,object,left,object_11,0.5,1.34343068690301,0.466,0.966,offset,1000
SX185,prp,0,15,36,letter_06,false_font_06,irrelevant,object,left,object_20,0.5,0.965127132217733,0,0.5,offset,1100
SX185,prp,0,15,37,letter_06,false_font_06,non-target,letter,center,letter_15,0.5,1.19698600593683,0.116,0.616,offset,1100
SX185,prp,0,15,38,letter_06,false_font_06,target,letter,center,letter_06,0.5,1.14767027832976,0.116,0.116,onset,1100
SX185,prp,0,16,1,letter_14,false_font_17,irrelevant,object,center,object_03,0.5,1.36931410184632,0.116,0.616,offset,1000
SX185,prp,0,16,2,letter_14,false_font_17,non-target,letter,center,letter_01,1,1.10750813144193,0.466,0.466,onset,1100
SX185,prp,0,16,3,letter_14,false_font_17,target,letter,right,letter_14,0.5,1.87597460336851,0.116,0.116,onset,1100
SX185,prp,0,16,4,letter_14,false_font_17,non-target,false_font,center,false_font_04,1,1.49857042869506,0.232,0.232,onset,1100
SX185,prp,0,16,5,letter_14,false_font_17,irrelevant,object,left,object_01,1.5,0.719242754236484,0.232,0.232,onset,1000
SX185,prp,0,16,6,letter_14,false_font_17,irrelevant,face,left,face_13,1,1.03059275281947,0.232,1.232,offset,1000
SX185,prp,0,16,7,letter_14,false_font_17,irrelevant,face,left,face_18,1,1.55576380383709,0.116,0.116,onset,1000
SX185,prp,0,16,8,letter_14,false_font_17,target,false_font,center,false_font_17,0.5,1.22285993107195,0,0.5,offset,1000
SX185,prp,0,16,9,letter_14,false_font_17,non-target,letter,center,letter_08,1,0.750798862007993,0.232,0.232,onset,1100
SX185,prp,0,16,10,letter_14,false_font_17,irrelevant,face,center,face_06,0.5,1.89363377553261,0.232,0.232,onset,1000
SX185,prp,0,16,11,letter_14,false_font_17,non-target,letter,center,letter_01,1.5,1.88958434019777,0,0,onset,1100
SX185,prp,0,16,12,letter_14,false_font_17,irrelevant,face,left,face_03,1.5,1.50555360384033,0,0,onset,1100
SX185,prp,0,16,13,letter_14,false_font_17,irrelevant,face,left,face_16,0.5,0.774332605498706,0.116,0.116,onset,1000
SX185,prp,0,16,14,letter_14,false_font_17,non-target,letter,right,letter_04,1.5,0.793158585838766,0.466,1.966,offset,1000
SX185,prp,0,16,15,letter_14,false_font_17,non-target,letter,right,letter_03,1.5,0.807713271721855,0.232,1.732,offset,1000
SX185,prp,0,16,16,letter_14,false_font_17,irrelevant,face,left,face_20,0.5,1.2458885315439,0,0.5,offset,1100
SX185,prp,0,16,17,letter_14,false_font_17,irrelevant,face,center,face_07,1.5,1.29795251324586,0.232,0.232,onset,1100
SX185,prp,0,16,18,letter_14,false_font_17,non-target,letter,center,letter_10,1,1.51819124440249,0,0,onset,1000
SX185,prp,0,16,19,letter_14,false_font_17,non-target,false_font,left,false_font_13,1.5,0.822667003364327,0.466,1.966,offset,1100
SX185,prp,0,16,20,letter_14,false_font_17,irrelevant,object,center,object_03,1,1.49005458574135,0,0,onset,1100
SX185,prp,0,16,21,letter_14,false_font_17,irrelevant,object,left,object_05,0.5,1.01104474967377,0.116,0.616,offset,1100
SX185,prp,0,16,22,letter_14,false_font_17,non-target,letter,center,letter_11,1,0.893373910730049,0.116,0.116,onset,1100
SX185,prp,0,16,23,letter_14,false_font_17,irrelevant,object,right,object_14,1,0.903727815486598,0.232,1.232,offset,1000
SX185,prp,0,16,24,letter_14,false_font_17,target,letter,center,letter_14,1.5,1.71999478204269,0.116,1.616,offset,1100
SX185,prp,0,16,25,letter_14,false_font_17,non-target,letter,center,letter_19,1,1.12294430216514,0.116,0.116,onset,1000
SX185,prp,0,16,26,letter_14,false_font_17,irrelevant,object,center,object_18,1,0.812076450060273,0,1,offset,1100
SX185,prp,0,16,27,letter_14,false_font_17,irrelevant,object,right,object_17,1,1.97089947360005,0.466,1.466,offset,1100
SX185,prp,0,16,28,letter_14,false_font_17,non-target,letter,center,letter_17,1,1.94547145474064,0,1,offset,1000
SX185,prp,0,16,29,letter_14,false_font_17,target,false_font,center,false_font_17,0.5,0.888769583862741,0.466,0.466,onset,1000
SX185,prp,0,16,30,letter_14,false_font_17,non-target,false_font,right,false_font_08,1.5,0.899955549871623,0,1.5,offset,1000
SX185,prp,0,16,31,letter_14,false_font_17,non-target,false_font,left,false_font_20,0.5,1.93711606935883,0.466,0.466,onset,1100
SX185,prp,0,16,32,letter_14,false_font_17,irrelevant,face,center,face_14,1.5,1.53143321347122,0,0,onset,1000
SX185,prp,0,16,33,letter_14,false_font_17,target,false_font,center,false_font_17,0.5,1.08000404691834,0.466,0.966,offset,1000
SX185,prp,0,16,34,letter_14,false_font_17,irrelevant,face,left,face_17,0.5,1.0616361342206,0.232,0.232,onset,1000
SX185,prp,0,16,35,letter_14,false_font_17,non-target,false_font,left,false_font_11,1.5,1.59448441982555,0.116,0.116,onset,1100
SX185,prp,0,16,36,letter_14,false_font_17,target,letter,center,letter_14,0.5,1.28143383826164,0.116,0.116,onset,1100
SX185,prp,0,16,37,letter_14,false_font_17,non-target,letter,center,letter_15,1,1.19387064167648,0.116,1.116,offset,1100
SX185,prp,0,16,38,letter_14,false_font_17,non-target,false_font,left,false_font_02,1.5,0.885311489846106,0.116,1.616,offset,1100
SX185,prp,0,17,1,letter_16,false_font_10,non-target,false_font,center,false_font_19,0.5,1.05587847896106,0.466,0.966,offset,1000
SX185,prp,0,17,2,letter_16,false_font_10,irrelevant,face,center,face_19,1,1.61258710698452,0,1,offset,1000
SX185,prp,0,17,3,letter_16,false_font_10,non-target,letter,right,letter_15,1.5,0.779654861353649,0.116,1.616,offset,1000
SX185,prp,0,17,4,letter_16,false_font_10,irrelevant,face,center,face_08,1.5,0.778826972165364,0.116,0.116,onset,1000
SX185,prp,0,17,5,letter_16,false_font_10,irrelevant,face,left,face_19,0.5,0.777700032206342,0,0.5,offset,1000
SX185,prp,0,17,6,letter_16,false_font_10,non-target,letter,right,letter_06,1,1.1049262256082,0.116,0.116,onset,1100
SX185,prp,0,17,7,letter_16,false_font_10,non-target,false_font,center,false_font_17,1,0.954846654780369,0,0,onset,1100
SX185,prp,0,17,8,letter_16,false_font_10,non-target,false_font,center,false_font_03,1,1.93534006273592,0.466,0.466,onset,1100
SX185,prp,0,17,9,letter_16,false_font_10,non-target,letter,right,letter_20,1.5,1.71459239876519,0.232,0.232,onset,1100
SX185,prp,0,17,10,letter_16,false_font_10,non-target,false_font,center,false_font_15,1,1.16366239488044,0.116,0.116,onset,1000
SX185,prp,0,17,11,letter_16,false_font_10,irrelevant,object,left,object_06,1.5,0.891164342823894,0.116,1.616,offset,1100
SX185,prp,0,17,12,letter_16,false_font_10,irrelevant,face,center,face_13,1,1.67570253478522,0.116,1.116,offset,1100
SX185,prp,0,17,13,letter_16,false_font_10,irrelevant,object,right,object_10,1,0.830005058660114,0,1,offset,1000
SX185,prp,0,17,14,letter_16,false_font_10,irrelevant,face,right,face_20,1.5,0.792676170796927,0.466,1.966,offset,1100
SX185,prp,0,17,15,letter_16,false_font_10,non-target,false_font,center,false_font_06,0.5,1.39537565839813,0,0,onset,1100
SX185,prp,0,17,16,letter_16,false_font_10,non-target,letter,center,letter_02,1.5,1.28352733120409,0.116,0.116,onset,1000
SX185,prp,0,17,17,letter_16,false_font_10,target,letter,center,letter_16,0.5,0.834380283800346,0.466,0.966,offset,1000
SX185,prp,0,17,18,letter_16,false_font_10,irrelevant,object,right,object_06,1,0.868422216432214,0.116,1.116,offset,1000
SX185,prp,0,17,19,letter_16,false_font_10,non-target,letter,center,letter_02,0.5,0.77227038943996,0.116,0.116,onset,1100
SX185,prp,0,17,20,letter_16,false_font_10,irrelevant,object,left,object_06,0.5,1.7622582477526,0,0,onset,1000
SX185,prp,0,17,21,letter_16,false_font_10,target,false_font,left,false_font_10,1,1.7330553892746,0.116,0.116,onset,1000
SX185,prp,0,17,22,letter_16,false_font_10,non-target,letter,center,letter_18,0.5,0.762752176296705,0.232,0.232,onset,1100
SX185,prp,0,17,23,letter_16,false_font_10,irrelevant,object,right,object_18,1.5,0.802341056458424,0.232,1.732,offset,1100
SX185,prp,0,17,24,letter_16,false_font_10,non-target,false_font,center,false_font_20,1.5,1.34012319891931,0.116,0.116,onset,1000
SX185,prp,0,17,25,letter_16,false_font_10,irrelevant,object,center,object_20,1.5,0.953816590907419,0.466,0.466,onset,1100
SX185,prp,0,17,26,letter_16,false_font_10,irrelevant,face,center,face_15,1.5,1.04810251022903,0,0,onset,1000
SX185,prp,0,17,27,letter_16,false_font_10,non-target,false_font,right,false_font_19,1,1.33601998598982,0.232,1.232,offset,1000
SX185,prp,0,17,28,letter_16,false_font_10,non-target,letter,right,letter_18,1,1.04966963686037,0.466,1.466,offset,1100
SX185,prp,0,17,29,letter_16,false_font_10,irrelevant,object,center,object_17,1,1.99069197010832,0,0,onset,1100
SX185,prp,0,17,30,letter_16,false_font_10,non-target,false_font,center,false_font_05,1,1.43441436283189,0.466,0.466,onset,1100
SX185,prp,0,17,31,letter_16,false_font_10,irrelevant,object,center,object_02,1.5,1.22845610108547,0.466,0.466,onset,1000
SX185,prp,0,17,32,letter_16,false_font_10,irrelevant,object,left,object_12,1,0.723087762575179,0.232,0.232,onset,1100
SX185,prp,0,17,33,letter_16,false_font_10,non-target,letter,right,letter_09,0.5,1.15185869489622,0.466,0.466,onset,1000
SX185,prp,0,17,34,letter_16,false_font_10,irrelevant,object,right,object_15,0.5,1.42612427688468,0.232,0.732,offset,1000
SX185,prp,0,18,1,letter_15,false_font_14,non-target,letter,right,letter_02,0.5,1.72942153615171,0.116,0.116,onset,1100
SX185,prp,0,18,2,letter_15,false_font_14,non-target,letter,left,letter_14,0.5,1.26559843237147,0.116,0.616,offset,1100
SX185,prp,0,18,3,letter_15,false_font_14,irrelevant,object,center,object_07,0.5,1.26190144889789,0,0.5,offset,1100
SX185,prp,0,18,4,letter_15,false_font_14,irrelevant,object,center,object_11,1.5,1.71133142414348,0.232,0.232,onset,1100
SX185,prp,0,18,5,letter_15,false_font_14,non-target,letter,center,letter_20,1.5,1.51725138552639,0.232,1.732,offset,1100
SX185,prp,0,18,6,letter_15,false_font_14,non-target,letter,center,letter_09,1,1.09881679810228,0.232,0.232,onset,1100
SX185,prp,0,18,7,letter_15,false_font_14,non-target,letter,center,letter_19,1.5,1.07204311197979,0.232,0.232,onset,1000
SX185,prp,0,18,8,letter_15,false_font_14,non-target,false_font,left,false_font_18,1,0.83449204901218,0,1,offset,1100
SX185,prp,0,18,9,letter_15,false_font_14,non-target,false_font,right,false_font_18,1.5,0.806599198099285,0.232,1.732,offset,1100
SX185,prp,0,18,10,letter_15,false_font_14,target,letter,right,letter_15,0.5,0.767260615790101,0.466,0.966,offset,1000
SX185,prp,0,18,11,letter_15,false_font_14,irrelevant,face,left,face_14,1.5,0.840219877533923,0.466,0.466,onset,1000
SX185,prp,0,18,12,letter_15,false_font_14,irrelevant,object,center,object_04,1.5,1.41783347617974,0.232,1.732,offset,1100
SX185,prp,0,18,13,letter_15,false_font_14,irrelevant,face,center,face_08,0.5,1.04577636343672,0,0.5,offset,1000
SX185,prp,0,18,14,letter_15,false_font_14,irrelevant,object,center,object_05,1,1.62190286588123,0.232,0.232,onset,1000
SX185,prp,0,18,15,letter_15,false_font_14,target,false_font,left,false_font_14,1,1.92947769690391,0.116,0.116,onset,1100
SX185,prp,0,18,16,letter_15,false_font_14,irrelevant,object,center,object_08,0.5,1.93302056357363,0.232,0.232,onset,1100
SX185,prp,0,18,17,letter_15,false_font_14,non-target,letter,left,letter_01,1,1.67452436218398,0.466,1.466,offset,1100
SX185,prp,0,18,18,letter_15,false_font_14,non-target,letter,right,letter_13,1.5,1.58029464171542,0.466,0.466,onset,1000
SX185,prp,0,18,19,letter_15,false_font_14,non-target,letter,center,letter_01,1,1.23173845603588,0.466,1.466,offset,1000
SX185,prp,0,18,20,letter_15,false_font_14,non-target,false_font,center,false_font_10,1,0.966252421528226,0.116,0.116,onset,1000
SX185,prp,0,18,21,letter_15,false_font_14,irrelevant,object,center,object_07,1,1.07207879837101,0,1,offset,1000
SX185,prp,0,18,22,letter_15,false_font_14,non-target,false_font,center,false_font_20,1,1.19993380874115,0.232,0.232,onset,1000
SX185,prp,0,18,23,letter_15,false_font_14,irrelevant,object,center,object_10,1.5,0.779685195448855,0.232,0.232,onset,1000
SX185,prp,0,18,24,letter_15,false_font_14,irrelevant,object,left,object_12,1.5,0.879467360954616,0.232,1.732,offset,1000
SX185,prp,0,18,25,letter_15,false_font_14,irrelevant,face,left,face_16,1,1.11939465988431,0.232,0.232,onset,1100
SX185,prp,0,18,26,letter_15,false_font_14,irrelevant,object,center,object_05,0.5,1.36598342495907,0.232,0.232,onset,1000
SX185,prp,0,18,27,letter_15,false_font_14,irrelevant,face,left,face_08,0.5,1.34909795160794,0.466,0.466,onset,1000
SX185,prp,0,18,28,letter_15,false_font_14,target,false_font,left,false_font_14,1,1.75930032025962,0.116,0.116,onset,1000
SX185,prp,0,18,29,letter_15,false_font_14,non-target,letter,center,letter_20,0.5,1.10489028904157,0.466,0.966,offset,1100
SX185,prp,0,18,30,letter_15,false_font_14,irrelevant,object,right,object_19,1,0.798015630807541,0.232,1.232,offset,1000
SX185,prp,0,18,31,letter_15,false_font_14,non-target,false_font,right,false_font_09,1,0.740967939640531,0.116,1.116,offset,1000
SX185,prp,0,18,32,letter_15,false_font_14,irrelevant,face,center,face_20,1.5,0.79790586093946,0,1.5,offset,1000
SX185,prp,0,18,33,letter_15,false_font_14,non-target,letter,right,letter_03,0.5,1.39287532643159,0.116,0.616,offset,1000
SX185,prp,0,18,34,letter_15,false_font_14,irrelevant,face,left,face_19,1,1.2990964167789,0.466,1.466,offset,1000
SX185,prp,0,18,35,letter_15,false_font_14,non-target,false_font,left,false_font_08,1.5,1.65233005396427,0.466,0.466,onset,1100
SX185,prp,0,19,1,face_05,object_09,non-target,face,center,face_12,1.5,1.69851793039735,0,0,onset,1000
SX185,prp,0,19,2,face_05,object_09,irrelevant,false_font,right,false_font_15,1,1.72011852131792,0.232,1.232,offset,1100
SX185,prp,0,19,3,face_05,object_09,irrelevant,false_font,right,false_font_12,1,1.07260662467709,0,0,onset,1000
SX185,prp,0,19,4,face_05,object_09,non-target,face,right,face_11,1.5,1.95720655622381,0.466,0.466,onset,1000
SX185,prp,0,19,5,face_05,object_09,target,face,right,face_05,0.5,1.50661510514872,0,0,onset,1100
SX185,prp,0,19,6,face_05,object_09,irrelevant,false_font,center,false_font_17,1.5,1.02517598684312,0,0,onset,1100
SX185,prp,0,19,7,face_05,object_09,non-target,face,center,face_02,1.5,1.75452495690315,0,1.5,offset,1000
SX185,prp,0,19,8,face_05,object_09,non-target,object,right,object_05,1,1.92179454565137,0,1,offset,1100
SX185,prp,0,19,9,face_05,object_09,irrelevant,letter,right,letter_02,0.5,1.18550512862845,0.466,0.966,offset,1000
SX185,prp,0,19,10,face_05,object_09,non-target,face,right,face_02,1,1.65912154846684,0.232,1.232,offset,1000
SX185,prp,0,19,11,face_05,object_09,irrelevant,letter,center,letter_02,1,1.62242408163376,0.116,0.116,onset,1100
SX185,prp,0,19,12,face_05,object_09,irrelevant,false_font,center,false_font_11,1,0.966701588732306,0.466,0.466,onset,1100
SX185,prp,0,19,13,face_05,object_09,non-target,object,center,object_19,1,0.881670567488937,0.466,0.466,onset,1000
SX185,prp,0,19,14,face_05,object_09,non-target,object,center,object_07,0.5,1.4015737398853,0.466,0.966,offset,1100
SX185,prp,0,19,15,face_05,object_09,non-target,face,center,face_16,1,0.914475912328373,0.466,0.466,onset,1000
SX185,prp,0,19,16,face_05,object_09,non-target,face,left,face_01,1,0.703152650246819,0,1,offset,1100
SX185,prp,0,19,17,face_05,object_09,irrelevant,false_font,left,false_font_15,0.5,0.813573039638004,0.116,0.116,onset,1000
SX185,prp,0,19,18,face_05,object_09,target,object,right,object_09,1,1.65995842533644,0.116,1.116,offset,1100
SX185,prp,0,19,19,face_05,object_09,non-target,object,right,object_05,1.5,0.822819572352526,0,1.5,offset,1000
SX185,prp,0,19,20,face_05,object_09,irrelevant,letter,right,letter_13,1.5,0.701622894787994,0.232,0.232,onset,1000
SX185,prp,0,19,21,face_05,object_09,non-target,face,center,face_20,1,0.720107991490201,0,0,onset,1000
SX185,prp,0,19,22,face_05,object_09,non-target,object,center,object_16,1,0.904500561019883,0.116,1.116,offset,1100
SX185,prp,0,19,23,face_05,object_09,irrelevant,letter,center,letter_18,0.5,1.15575812369537,0.116,0.616,offset,1000
SX185,prp,0,19,24,face_05,object_09,irrelevant,letter,right,letter_16,0.5,1.03006011924909,0.116,0.116,onset,1000
SX185,prp,0,19,25,face_05,object_09,non-target,face,center,face_11,1.5,0.937759873257428,0.466,0.466,onset,1000
SX185,prp,0,19,26,face_05,object_09,non-target,object,center,object_20,1,1.49433614173371,0,1,offset,1100
SX185,prp,0,19,27,face_05,object_09,irrelevant,letter,left,letter_04,0.5,1.97606330154522,0.116,0.116,onset,1100
SX185,prp,0,19,28,face_05,object_09,irrelevant,false_font,right,false_font_02,1.5,0.872338863860949,0.116,1.616,offset,1000
SX185,prp,0,19,29,face_05,object_09,irrelevant,false_font,left,false_font_01,0.5,1.31225623277199,0.116,0.116,onset,1100
SX185,prp,0,19,30,face_05,object_09,irrelevant,false_font,center,false_font_06,1.5,0.923087246279348,0,0,onset,1100
SX185,prp,0,19,31,face_05,object_09,non-target,object,left,object_13,1,1.11217632600294,0,0,onset,1000
SX185,prp,0,19,32,face_05,object_09,non-target,face,left,face_19,1,1.6604703263446,0.232,1.232,offset,1100
SX185,prp,0,19,33,face_05,object_09,irrelevant,letter,center,letter_14,1,1.11269319845464,0.116,1.116,offset,1000
SX185,prp,0,19,34,face_05,object_09,irrelevant,false_font,left,false_font_16,1.5,0.729245869907015,0.116,1.616,offset,1100
SX185,prp,0,20,1,face_03,object_03,non-target,object,center,object_11,1.5,0.833664395745731,0,0,onset,1000
SX185,prp,0,20,2,face_03,object_03,non-target,face,left,face_06,0.5,0.898251699419893,0.232,0.232,onset,1000
SX185,prp,0,20,3,face_03,object_03,irrelevant,false_font,left,false_font_18,0.5,0.79692383256843,0,0.5,offset,1100
SX185,prp,0,20,4,face_03,object_03,irrelevant,letter,right,letter_20,1,1.45642562010059,0.466,0.466,onset,1000
SX185,prp,0,20,5,face_03,object_03,irrelevant,false_font,left,false_font_13,1,1.82932796396914,0,1,offset,1100
SX185,prp,0,20,6,face_03,object_03,irrelevant,letter,center,letter_17,1,1.99191730772052,0.466,0.466,onset,1100
SX185,prp,0,20,7,face_03,object_03,irrelevant,false_font,right,false_font_04,1,0.764883441983502,0.466,0.466,onset,1100
SX185,prp,0,20,8,face_03,object_03,irrelevant,letter,center,letter_04,1,0.857223422217685,0.466,1.466,offset,1100
SX185,prp,0,20,9,face_03,object_03,irrelevant,letter,right,letter_03,1.5,1.61030406334354,0,0,onset,1100
SX185,prp,0,20,10,face_03,object_03,non-target,object,right,object_12,1,1.29090927727972,0.116,1.116,offset,1100
SX185,prp,0,20,11,face_03,object_03,irrelevant,false_font,right,false_font_06,1,1.50782279005186,0.466,0.466,onset,1000
SX185,prp,0,20,12,face_03,object_03,target,face,center,face_03,0.5,0.871026014003298,0,0.5,offset,1100
SX185,prp,0,20,13,face_03,object_03,irrelevant,false_font,center,false_font_14,1,1.83901779573255,0.232,1.232,offset,1100
SX185,prp,0,20,14,face_03,object_03,irrelevant,letter,center,letter_15,1,0.739013974581936,0.232,0.232,onset,1100
SX185,prp,0,20,15,face_03,object_03,irrelevant,false_font,center,false_font_09,0.5,1.27682466888622,0.116,0.116,onset,1000
SX185,prp,0,20,16,face_03,object_03,non-target,face,left,face_09,1.5,1.17492280024658,0,0,onset,1000
SX185,prp,0,20,17,face_03,object_03,non-target,face,left,face_17,1.5,1.2349687171488,0.116,1.616,offset,1100
SX185,prp,0,20,18,face_03,object_03,non-target,face,left,face_12,0.5,1.28856266210079,0.466,0.466,onset,1100
SX185,prp,0,20,19,face_03,object_03,non-target,face,left,face_06,1.5,1.66010207319268,0.232,0.232,onset,1100
SX185,prp,0,20,20,face_03,object_03,irrelevant,letter,center,letter_14,1,1.12693694526429,0.466,0.466,onset,1100
SX185,prp,0,20,21,face_03,object_03,target,object,center,object_03,1.5,0.828348043319041,0.116,1.616,offset,1000
SX185,prp,0,20,22,face_03,object_03,irrelevant,false_font,right,false_font_08,1.5,0.921918262594795,0.466,1.966,offset,1000
SX185,prp,0,20,23,face_03,object_03,target,object,left,object_03,1,1.74958137930265,0,0,onset,1100
SX185,prp,0,20,24,face_03,object_03,non-target,face,center,face_02,1,1.94287128292812,0.232,0.232,onset,1100
SX185,prp,0,20,25,face_03,object_03,non-target,object,right,object_08,1,0.777953997151417,0.232,1.232,offset,1000
SX185,prp,0,20,26,face_03,object_03,non-target,face,right,face_13,0.5,0.76932665969038,0.466,0.966,offset,1000
SX185,prp,0,20,27,face_03,object_03,irrelevant,false_font,center,false_font_19,1,1.76188474950265,0.466,1.466,offset,1000
SX185,prp,0,20,28,face_03,object_03,irrelevant,false_font,center,false_font_13,1,1.00522711493251,0.232,0.232,onset,1100
SX185,prp,0,20,29,face_03,object_03,non-target,object,right,object_07,1.5,0.865135130582697,0,0,onset,1100
SX185,prp,0,20,30,face_03,object_03,non-target,face,right,face_17,0.5,0.769271942925173,0.232,0.732,offset,1000
SX185,prp,0,20,31,face_03,object_03,non-target,face,right,face_06,0.5,0.817310694460177,0.116,0.116,onset,1000
SX185,prp,0,20,32,face_03,object_03,non-target,face,center,face_06,1.5,1.64817520072792,0,1.5,offset,1000
SX185,prp,0,20,33,face_03,object_03,irrelevant,letter,right,letter_13,1,1.57451928044572,0.232,0.232,onset,1000
SX185,prp,0,20,34,face_03,object_03,non-target,object,center,object_16,1,1.5511008045552,0.466,0.466,onset,1100
SX185,prp,0,20,35,face_03,object_03,target,face,right,face_03,0.5,1.27639433380695,0.466,0.966,offset,1100
SX185,prp,0,20,36,face_03,object_03,non-target,object,center,object_12,1.5,0.851193112557118,0.466,1.966,offset,1100
SX185,prp,0,21,1,face_15,object_06,irrelevant,false_font,left,false_font_11,0.5,0.886668358177632,0.116,0.616,offset,1100
SX185,prp,0,21,2,face_15,object_06,irrelevant,letter,center,letter_06,0.5,1.87774550639327,0.466,0.966,offset,1100
SX185,prp,0,21,3,face_15,object_06,non-target,object,center,object_11,0.5,0.928250422256336,0.232,0.732,offset,1000
SX185,prp,0,21,4,face_15,object_06,target,object,center,object_06,1.5,1.86744837429784,0.232,1.732,offset,1100
SX185,prp,0,21,5,face_15,object_06,non-target,face,center,face_01,1,1.66247787768927,0.116,0.116,onset,1100
SX185,prp,0,21,6,face_15,object_06,non-target,object,right,object_16,1.5,1.42402553079636,0.466,0.466,onset,1100
SX185,prp,0,21,7,face_15,object_06,non-target,object,left,object_03,1,1.94771452461867,0.466,0.466,onset,1000
SX185,prp,0,21,8,face_15,object_06,irrelevant,false_font,center,false_font_18,1.5,1.40730648794581,0.116,0.116,onset,1100
SX185,prp,0,21,9,face_15,object_06,non-target,object,center,object_10,1.5,1.15089434925514,0,0,onset,1100
SX185,prp,0,21,10,face_15,object_06,irrelevant,letter,center,letter_20,0.5,0.933166921224257,0.466,0.466,onset,1100
SX185,prp,0,21,11,face_15,object_06,irrelevant,false_font,left,false_font_17,1.5,0.732738257646385,0,1.5,offset,1000
SX185,prp,0,21,12,face_15,object_06,non-target,object,center,object_16,1.5,1.10746396051024,0.232,0.232,onset,1000
SX185,prp,0,21,13,face_15,object_06,irrelevant,letter,left,letter_03,1.5,0.832678155654987,0.466,1.966,offset,1100
SX185,prp,0,21,14,face_15,object_06,target,face,right,face_15,1.5,1.89547589194221,0.116,0.116,onset,1000
SX185,prp,0,21,15,face_15,object_06,non-target,face,center,face_13,1.5,1.61799987496427,0,0,onset,1100
SX185,prp,0,21,16,face_15,object_06,non-target,face,right,face_09,0.5,0.713328378916552,0.116,0.616,offset,1000
SX185,prp,0,21,17,face_15,object_06,irrelevant,false_font,center,false_font_06,0.5,1.14428904579908,0,0.5,offset,1000
SX185,prp,0,21,18,face_15,object_06,non-target,object,center,object_02,0.5,1.73831576644892,0,0.5,offset,1100
SX185,prp,0,21,19,face_15,object_06,non-target,object,right,object_19,1.5,1.39749006358622,0.466,1.966,offset,1000
SX185,prp,0,21,20,face_15,object_06,target,object,right,object_06,1.5,1.27248782048875,0.232,0.232,onset,1100
SX185,prp,0,21,21,face_15,object_06,target,face,center,face_15,0.5,1.57124479906878,0.232,0.232,onset,1000
SX185,prp,0,21,22,face_15,object_06,irrelevant,letter,left,letter_06,1,1.71544621567622,0,1,offset,1100
SX185,prp,0,21,23,face_15,object_06,target,face,right,face_15,1,1.9118468206122,0,0,onset,1100
SX185,prp,0,21,24,face_15,object_06,target,object,left,object_06,1,1.3697337102618,0.116,0.116,onset,1100
SX185,prp,0,21,25,face_15,object_06,non-target,object,right,object_09,0.5,1.47606722967197,0.232,0.732,offset,1000
SX185,prp,0,21,26,face_15,object_06,irrelevant,letter,right,letter_16,1,1.35314836925722,0.466,1.466,offset,1100
SX185,prp,0,21,27,face_15,object_06,irrelevant,letter,right,letter_19,0.5,1.044757212551,0,0.5,offset,1000
SX185,prp,0,21,28,face_15,object_06,non-target,object,right,object_14,0.5,1.17912471009373,0.232,0.732,offset,1100
SX185,prp,0,21,29,face_15,object_06,irrelevant,false_font,center,false_font_07,1.5,1.16740682264277,0.116,1.616,offset,1100
SX185,prp,0,21,30,face_15,object_06,irrelevant,false_font,right,false_font_17,1.5,0.767368049328663,0.232,0.232,onset,1000
SX185,prp,0,21,31,face_15,object_06,non-target,object,right,object_04,1.5,1.92970122078943,0,1.5,offset,1100
SX185,prp,0,21,32,face_15,object_06,non-target,object,left,object_02,0.5,1.20154124721903,0,0.5,offset,1100
SX185,prp,0,21,33,face_15,object_06,irrelevant,letter,left,letter_14,1.5,0.967904903931663,0,1.5,offset,1000
SX185,prp,0,21,34,face_15,object_06,irrelevant,letter,left,letter_14,0.5,1.15628125034931,0,0,onset,1100
SX185,prp,0,21,35,face_15,object_06,non-target,object,right,object_13,1,0.868452828576351,0,1,offset,1000
SX185,prp,0,21,36,face_15,object_06,irrelevant,false_font,center,false_font_13,1.5,1.21654207412638,0.116,1.616,offset,1000
SX185,prp,0,21,37,face_15,object_06,irrelevant,letter,center,letter_09,0.5,0.881521388431194,0.116,0.116,onset,1100
SX185,prp,0,21,38,face_15,object_06,non-target,object,left,object_11,0.5,0.97138770634344,0,0,onset,1100
SX185,prp,0,22,1,face_10,object_20,irrelevant,letter,center,letter_14,0.5,1.4231909379731,0.466,0.966,offset,1100
SX185,prp,0,22,2,face_10,object_20,irrelevant,letter,center,letter_20,1,1.00735096678603,0,0,onset,1100
SX185,prp,0,22,3,face_10,object_20,non-target,face,right,face_20,1.5,0.889787882440973,0.232,0.232,onset,1000
SX185,prp,0,22,4,face_10,object_20,target,face,center,face_10,0.5,1.24210489418023,0,0,onset,1000
SX185,prp,0,22,5,face_10,object_20,irrelevant,letter,center,letter_07,1.5,1.06592686524395,0.232,1.732,offset,1100
SX185,prp,0,22,6,face_10,object_20,target,object,left,object_20,1,0.984090362207613,0,1,offset,1000
SX185,prp,0,22,7,face_10,object_20,irrelevant,false_font,left,false_font_18,1.5,1.89743362327197,0.116,1.616,offset,1100
SX185,prp,0,22,8,face_10,object_20,irrelevant,letter,right,letter_09,1,1.37010903814745,0.116,1.116,offset,1000
SX185,prp,0,22,9,face_10,object_20,irrelevant,false_font,center,false_font_04,1,1.65726017521123,0,0,onset,1000
SX185,prp,0,22,10,face_10,object_20,non-target,face,center,face_07,1,0.780575311324205,0.116,0.116,onset,1000
SX185,prp,0,22,11,face_10,object_20,irrelevant,letter,center,letter_16,1.5,0.85691362017693,0,0,onset,1100
SX185,prp,0,22,12,face_10,object_20,irrelevant,letter,left,letter_10,1,0.940992473943312,0.232,1.232,offset,1100
SX185,prp,0,22,13,face_10,object_20,non-target,object,left,object_05,0.5,0.964121892936612,0.116,0.616,offset,1100
SX185,prp,0,22,14,face_10,object_20,non-target,object,left,object_07,0.5,0.74460056893738,0.466,0.966,offset,1000
SX185,prp,0,22,15,face_10,object_20,target,face,center,face_10,1,1.20692325322429,0.232,1.232,offset,1100
SX185,prp,0,22,16,face_10,object_20,non-target,object,center,object_01,1,1.76547798021987,0,0,onset,1000
SX185,prp,0,22,17,face_10,object_20,non-target,object,right,object_08,1.5,1.93140068804507,0.116,0.116,onset,1000
SX185,prp,0,22,18,face_10,object_20,irrelevant,false_font,right,false_font_09,0.5,0.725624054997329,0.232,0.732,offset,1100
SX185,prp,0,22,19,face_10,object_20,irrelevant,false_font,right,false_font_09,1,0.728867055948842,0.116,0.116,onset,1000
SX185,prp,0,22,20,face_10,object_20,non-target,face,left,face_19,1.5,0.929093012443881,0.232,1.732,offset,1000
SX185,prp,0,22,21,face_10,object_20,target,object,center,object_20,1.5,0.915146232812505,0.466,0.466,onset,1000
SX185,prp,0,22,22,face_10,object_20,irrelevant,false_font,center,false_font_03,0.5,1.6012274547585,0.232,0.732,offset,1000
SX185,prp,0,22,23,face_10,object_20,non-target,object,left,object_04,1,0.883251803913348,0.232,0.232,onset,1000
SX185,prp,0,22,24,face_10,object_20,non-target,face,left,face_14,0.5,0.741179716511031,0,0.5,offset,1100
SX185,prp,0,22,25,face_10,object_20,non-target,object,center,object_12,0.5,0.749741467011775,0.466,0.466,onset,1000
SX185,prp,0,22,26,face_10,object_20,non-target,object,right,object_02,1.5,1.10799506367658,0.466,1.966,offset,1000
SX185,prp,0,22,27,face_10,object_20,non-target,object,left,object_10,1.5,1.20981428900188,0.466,0.466,onset,1000
SX185,prp,0,22,28,face_10,object_20,irrelevant,letter,center,letter_13,1,1.38956388365257,0.116,1.116,offset,1100
SX185,prp,0,22,29,face_10,object_20,non-target,object,center,object_08,1,0.828417834800216,0,1,offset,1000
SX185,prp,0,22,30,face_10,object_20,non-target,face,center,face_04,0.5,1.23340662014939,0,0.5,offset,1100
SX185,prp,0,22,31,face_10,object_20,irrelevant,false_font,center,false_font_13,1.5,1.94624686285264,0.116,1.616,offset,1000
SX185,prp,0,22,32,face_10,object_20,irrelevant,false_font,center,false_font_05,1.5,1.66398192587,0.466,0.466,onset,1000
SX185,prp,0,22,33,face_10,object_20,non-target,object,left,object_07,1.5,0.758425152201403,0.232,1.732,offset,1100
SX185,prp,0,22,34,face_10,object_20,irrelevant,letter,center,letter_16,1,1.90748252518711,0,0,onset,1000
SX185,prp,0,22,35,face_10,object_20,irrelevant,letter,right,letter_14,1,1.1195212847705,0.466,1.466,offset,1000
SX185,prp,0,22,36,face_10,object_20,non-target,face,center,face_13,1,0.986226186223749,0,0,onset,1100
SX185,prp,0,23,1,letter_20,false_font_15,non-target,letter,left,letter_13,1,1.66941756215452,0.116,1.116,offset,1100
SX185,prp,0,23,2,letter_20,false_font_15,irrelevant,object,left,object_02,0.5,0.860107465232522,0.466,0.966,offset,1100
SX185,prp,0,23,3,letter_20,false_font_15,irrelevant,face,right,face_16,0.5,1.51908715238443,0.116,0.116,onset,1100
SX185,prp,0,23,4,letter_20,false_font_15,non-target,letter,left,letter_03,1.5,1.29567606913135,0.232,1.732,offset,1000
SX185,prp,0,23,5,letter_20,false_font_15,non-target,letter,left,letter_07,1,1.31057711936403,0,0,onset,1000
SX185,prp,0,23,6,letter_20,false_font_15,non-target,letter,center,letter_12,1.5,0.886761947369733,0.466,1.966,offset,1000
SX185,prp,0,23,7,letter_20,false_font_15,irrelevant,object,right,object_09,1.5,0.713170708908691,0.466,1.966,offset,1000
SX185,prp,0,23,8,letter_20,false_font_15,irrelevant,face,right,face_02,0.5,1.64207302355696,0.466,0.966,offset,1100
SX185,prp,0,23,9,letter_20,false_font_15,irrelevant,object,center,object_17,1.5,1.93637700195492,0.232,0.232,onset,1000
SX185,prp,0,23,10,letter_20,false_font_15,non-target,false_font,center,false_font_06,1,1.41037079819897,0.232,1.232,offset,1100
SX185,prp,0,23,11,letter_20,false_font_15,non-target,false_font,right,false_font_14,0.5,1.92464961651533,0.116,0.616,offset,1000
SX185,prp,0,23,12,letter_20,false_font_15,non-target,letter,left,letter_15,1,1.2335801636209,0,1,offset,1100
SX185,prp,0,23,13,letter_20,false_font_15,target,letter,center,letter_20,1.5,0.744478036218474,0,0,onset,1100
SX185,prp,0,23,14,letter_20,false_font_15,irrelevant,object,center,object_06,1,0.802016605080335,0.466,1.466,offset,1000
SX185,prp,0,23,15,letter_20,false_font_15,non-target,false_font,left,false_font_19,1,0.877532285064613,0.466,0.466,onset,1000
SX185,prp,0,23,16,letter_20,false_font_15,target,letter,right,letter_20,0.5,1.9646335769989,0.466,0.966,offset,1000
SX185,prp,0,23,17,letter_20,false_font_15,non-target,false_font,right,false_font_03,0.5,0.980117708750447,0.466,0.466,onset,1100
SX185,prp,0,23,18,letter_20,false_font_15,irrelevant,object,right,object_07,1.5,1.54852044369558,0.116,1.616,offset,1000
SX185,prp,0,23,19,letter_20,false_font_15,target,false_font,center,false_font_15,0.5,1.02153791269193,0.466,0.966,offset,1000
SX185,prp,0,23,20,letter_20,false_font_15,non-target,letter,right,letter_07,1,0.985689304394086,0.466,0.466,onset,1000
SX185,prp,0,23,21,letter_20,false_font_15,irrelevant,face,center,face_06,1.5,0.84853717433706,0.232,1.732,offset,1000
SX185,prp,0,23,22,letter_20,false_font_15,irrelevant,object,left,object_11,1,0.753902255523492,0.232,1.232,offset,1000
SX185,prp,0,23,23,letter_20,false_font_15,non-target,letter,center,letter_07,1.5,1.22169171975947,0,0,onset,1000
SX185,prp,0,23,24,letter_20,false_font_15,non-target,letter,left,letter_04,1,1.78032881431292,0.232,1.232,offset,1100
SX185,prp,0,23,25,letter_20,false_font_15,irrelevant,face,left,face_06,1,1.75959951772525,0.116,1.116,offset,1100
SX185,prp,0,23,26,letter_20,false_font_15,irrelevant,object,center,object_02,1,0.901179940866437,0,1,offset,1000
SX185,prp,0,23,27,letter_20,false_font_15,irrelevant,object,center,object_01,1.5,0.873467346977817,0,1.5,offset,1100
SX185,prp,0,23,28,letter_20,false_font_15,irrelevant,object,center,object_04,1,1.84362042245144,0.232,0.232,onset,1000
SX185,prp,0,23,29,letter_20,false_font_15,irrelevant,face,center,face_02,1.5,1.0830124026231,0.466,1.966,offset,1000
SX185,prp,0,23,30,letter_20,false_font_15,non-target,false_font,left,false_font_14,0.5,1.84268944148864,0.466,0.966,offset,1100
SX185,prp,0,23,31,letter_20,false_font_15,non-target,letter,left,letter_15,1.5,1.6943171443648,0.466,1.966,offset,1100
SX185,prp,0,23,32,letter_20,false_font_15,non-target,false_font,right,false_font_20,1.5,1.06300870939562,0,0,onset,1000
SX185,prp,0,23,33,letter_20,false_font_15,irrelevant,face,left,face_01,1.5,1.1525706164905,0.232,1.732,offset,1000
SX185,prp,0,23,34,letter_20,false_font_15,non-target,letter,center,letter_09,0.5,1.22477751879863,0,0.5,offset,1100
SX185,prp,0,23,35,letter_20,false_font_15,irrelevant,object,center,object_10,0.5,1.0240616607483,0,0,onset,1100
SX185,prp,0,24,1,letter_08,false_font_20,non-target,letter,left,letter_17,0.5,0.919644873302718,0.466,0.966,offset,1100
SX185,prp,0,24,2,letter_08,false_font_20,non-target,false_font,center,false_font_16,0.5,0.89337425306048,0.116,0.616,offset,1000
SX185,prp,0,24,3,letter_08,false_font_20,target,false_font,right,false_font_20,1.5,0.817125966058665,0.232,0.232,onset,1000
SX185,prp,0,24,4,letter_08,false_font_20,irrelevant,object,right,object_16,1,0.918985118736954,0.466,1.466,offset,1000
SX185,prp,0,24,5,letter_08,false_font_20,irrelevant,object,center,object_11,1.5,1.07677639266186,0.466,1.966,offset,1100
SX185,prp,0,24,6,letter_08,false_font_20,non-target,false_font,left,false_font_05,1,1.21567378000803,0.466,1.466,offset,1000
SX185,prp,0,24,7,letter_08,false_font_20,non-target,false_font,center,false_font_09,0.5,0.739193432810217,0.116,0.116,onset,1000
SX185,prp,0,24,8,letter_08,false_font_20,irrelevant,object,left,object_15,0.5,1.5799797512013,0.232,0.732,offset,1100
SX185,prp,0,24,9,letter_08,false_font_20,irrelevant,object,center,object_10,1.5,1.65397115153517,0,1.5,offset,1000
SX185,prp,0,24,10,letter_08,false_font_20,non-target,false_font,center,false_font_11,0.5,1.0767174021743,0,0,onset,1000
SX185,prp,0,24,11,letter_08,false_font_20,non-target,false_font,center,false_font_11,0.5,1.79592526831783,0.232,0.232,onset,1000
SX185,prp,0,24,12,letter_08,false_font_20,non-target,false_font,center,false_font_01,1.5,1.70693276450632,0.232,0.232,onset,1100
SX185,prp,0,24,13,letter_08,false_font_20,irrelevant,face,center,face_03,1.5,1.52830710310847,0,0,onset,1100
SX185,prp,0,24,14,letter_08,false_font_20,irrelevant,face,left,face_08,1.5,0.982240347640569,0.116,0.116,onset,1000
SX185,prp,0,24,15,letter_08,false_font_20,non-target,false_font,center,false_font_17,0.5,0.758504048644269,0.466,0.466,onset,1100
SX185,prp,0,24,16,letter_08,false_font_20,non-target,letter,right,letter_20,1,1.69555418418439,0,1,offset,1000
SX185,prp,0,24,17,letter_08,false_font_20,irrelevant,face,center,face_03,1.5,0.879696852292854,0.232,0.232,onset,1100
SX185,prp,0,24,18,letter_08,false_font_20,irrelevant,face,right,face_16,1.5,0.920250645201642,0.466,1.966,offset,1000
SX185,prp,0,24,19,letter_08,false_font_20,irrelevant,object,right,object_11,1.5,1.13526279129802,0.466,1.966,offset,1000
SX185,prp,0,24,20,letter_08,false_font_20,irrelevant,object,right,object_06,1.5,1.4809625710849,0,1.5,offset,1100
SX185,prp,0,24,21,letter_08,false_font_20,irrelevant,object,left,object_08,1,1.82415023611552,0.466,1.466,offset,1100
SX185,prp,0,24,22,letter_08,false_font_20,non-target,letter,left,letter_11,1,0.952449575212779,0.232,1.232,offset,1000
SX185,prp,0,24,23,letter_08,false_font_20,non-target,false_font,right,false_font_03,1,0.983617581073415,0.466,0.466,onset,1100
SX185,prp,0,24,24,letter_08,false_font_20,irrelevant,object,right,object_02,0.5,1.92311614042111,0.116,0.616,offset,1000
SX185,prp,0,24,25,letter_08,false_font_20,irrelevant,object,right,object_05,1,1.4714659492692,0.466,1.466,offset,1000
SX185,prp,0,24,26,letter_08,false_font_20,non-target,letter,center,letter_16,0.5,1.18346449459374,0.466,0.466,onset,1100
SX185,prp,0,24,27,letter_08,false_font_20,non-target,false_font,right,false_font_17,1.5,1.27625730250953,0,0,onset,1100
SX185,prp,0,24,28,letter_08,false_font_20,non-target,letter,center,letter_05,1,0.818474504053679,0.466,0.466,onset,1100
SX185,prp,0,24,29,letter_08,false_font_20,irrelevant,face,center,face_17,1,1.36681801330343,0.466,1.466,offset,1000
SX185,prp,0,24,30,letter_08,false_font_20,target,false_font,center,false_font_20,0.5,1.43958203646066,0.116,0.116,onset,1000
SX185,prp,0,24,31,letter_08,false_font_20,irrelevant,face,center,face_20,1,1.95008505395641,0.116,0.116,onset,1000
SX185,prp,0,24,32,letter_08,false_font_20,target,letter,right,letter_08,1.5,0.968169823959617,0.116,0.116,onset,1000
SX185,prp,0,24,33,letter_08,false_font_20,non-target,false_font,center,false_font_14,1,1.92273975230259,0.466,1.466,offset,1000
SX185,prp,0,24,34,letter_08,false_font_20,non-target,letter,left,letter_07,0.5,1.18566556619561,0.116,0.616,offset,1000
SX185,prp,0,24,35,letter_08,false_font_20,irrelevant,object,center,object_09,1.5,1.24089844453708,0.232,0.232,onset,1100
SX185,prp,0,25,1,letter_05,false_font_19,irrelevant,face,center,face_20,0.5,0.795775145339785,0,0.5,offset,1100
SX185,prp,0,25,2,letter_05,false_font_19,irrelevant,face,left,face_15,1,1.57638247605257,0.466,0.466,onset,1000
SX185,prp,0,25,3,letter_05,false_font_19,irrelevant,object,center,object_07,1.5,0.738769944003542,0.232,1.732,offset,1100
SX185,prp,0,25,4,letter_05,false_font_19,irrelevant,face,left,face_11,1,1.13671273091773,0.232,1.232,offset,1100
SX185,prp,0,25,5,letter_05,false_font_19,irrelevant,object,center,object_07,1,1.71500309102851,0.116,1.116,offset,1100
SX185,prp,0,25,6,letter_05,false_font_19,non-target,letter,right,letter_01,1.5,1.88240075945781,0,1.5,offset,1000
SX185,prp,0,25,7,letter_05,false_font_19,irrelevant,face,left,face_02,0.5,1.02203792689192,0.466,0.966,offset,1100
SX185,prp,0,25,8,letter_05,false_font_19,irrelevant,object,center,object_18,1.5,1.2154877708476,0,0,onset,1000
SX185,prp,0,25,9,letter_05,false_font_19,non-target,letter,center,letter_03,1.5,1.95631145860035,0.232,1.732,offset,1000
SX185,prp,0,25,10,letter_05,false_font_19,non-target,letter,center,letter_04,1,1.21563060455095,0.116,1.116,offset,1000
SX185,prp,0,25,11,letter_05,false_font_19,target,false_font,right,false_font_19,0.5,0.805728452336716,0.116,0.616,offset,1000
SX185,prp,0,25,12,letter_05,false_font_19,irrelevant,object,center,object_03,1.5,0.718984462507005,0,1.5,offset,1000
SX185,prp,0,25,13,letter_05,false_font_19,non-target,false_font,center,false_font_10,1,0.752193123483882,0,0,onset,1100
SX185,prp,0,25,14,letter_05,false_font_19,irrelevant,face,right,face_13,0.5,1.07846074447968,0.466,0.966,offset,1000
SX185,prp,0,25,15,letter_05,false_font_19,target,letter,center,letter_05,1.5,1.44569160041125,0,0,onset,1100
SX185,prp,0,25,16,letter_05,false_font_19,non-target,false_font,left,false_font_03,1.5,1.73546887274939,0.466,0.466,onset,1000
SX185,prp,0,25,17,letter_05,false_font_19,non-target,false_font,right,false_font_12,1.5,1.72991551971033,0.232,1.732,offset,1000
SX185,prp,0,25,18,letter_05,false_font_19,irrelevant,object,right,object_13,0.5,1.13863300221767,0.466,0.966,offset,1000
SX185,prp,0,25,19,letter_05,false_font_19,irrelevant,face,center,face_18,0.5,1.19667643315038,0.232,0.232,onset,1000
SX185,prp,0,25,20,letter_05,false_font_19,irrelevant,object,center,object_04,0.5,0.826632448329484,0,0,onset,1000
SX185,prp,0,25,21,letter_05,false_font_19,non-target,false_font,center,false_font_17,1,1.24843092041328,0,0,onset,1000
SX185,prp,0,25,22,letter_05,false_font_19,irrelevant,face,right,face_08,1,1.72216389169009,0.232,0.232,onset,1000
SX185,prp,0,25,23,letter_05,false_font_19,irrelevant,object,right,object_02,1,0.762968118504273,0.116,1.116,offset,1000
SX185,prp,0,25,24,letter_05,false_font_19,non-target,false_font,left,false_font_05,0.5,0.90841112136658,0,0,onset,1000
SX185,prp,0,25,25,letter_05,false_font_19,non-target,letter,center,letter_14,0.5,1.53218832870362,0.232,0.232,onset,1000
SX185,prp,0,25,26,letter_05,false_font_19,non-target,letter,center,letter_06,0.5,0.846925359259435,0.466,0.966,offset,1000
SX185,prp,0,25,27,letter_05,false_font_19,non-target,false_font,center,false_font_18,0.5,1.28381622969455,0,0,onset,1100
SX185,prp,0,25,28,letter_05,false_font_19,non-target,letter,right,letter_08,0.5,0.732734940865519,0.466,0.966,offset,1100
SX185,prp,0,25,29,letter_05,false_font_19,non-target,false_font,center,false_font_03,0.5,0.86542614270562,0.116,0.116,onset,1100
SX185,prp,0,25,30,letter_05,false_font_19,non-target,false_font,center,false_font_13,0.5,0.841955019065691,0.466,0.966,offset,1100
SX185,prp,0,25,31,letter_05,false_font_19,irrelevant,object,center,object_15,1.5,1.05798969369684,0.232,0.232,onset,1100
SX185,prp,0,25,32,letter_05,false_font_19,irrelevant,object,center,object_07,1.5,0.863167230029069,0.116,1.616,offset,1000
SX185,prp,0,25,33,letter_05,false_font_19,non-target,false_font,center,false_font_03,1.5,0.81994011775832,0,1.5,offset,1100
SX185,prp,0,25,34,letter_05,false_font_19,non-target,false_font,right,false_font_05,1.5,1.9837603782467,0.116,1.616,offset,1100
SX185,prp,0,26,1,letter_19,false_font_02,non-target,letter,right,letter_20,0.5,1.27487333720445,0.232,0.232,onset,1100
SX185,prp,0,26,2,letter_19,false_font_02,non-target,false_font,right,false_font_06,1.5,0.852629984668663,0,1.5,offset,1000
SX185,prp,0,26,3,letter_19,false_font_02,non-target,letter,right,letter_05,1.5,1.38276761736997,0.466,0.466,onset,1100
SX185,prp,0,26,4,letter_19,false_font_02,non-target,false_font,center,false_font_06,1.5,1.04850573743553,0.116,1.616,offset,1000
SX185,prp,0,26,5,letter_19,false_font_02,irrelevant,face,right,face_06,1,1.91475631087918,0.116,1.116,offset,1000
SX185,prp,0,26,6,letter_19,false_font_02,non-target,false_font,right,false_font_03,1.5,0.706107676265503,0.466,0.466,onset,1000
SX185,prp,0,26,7,letter_19,false_font_02,irrelevant,object,center,object_08,1,1.45776525998401,0.466,1.466,offset,1100
SX185,prp,0,26,8,letter_19,false_font_02,non-target,false_font,center,false_font_13,1.5,1.49821836750949,0.466,1.966,offset,1000
SX185,prp,0,26,9,letter_19,false_font_02,non-target,letter,center,letter_20,0.5,1.3158942666223,0,0,onset,1000
SX185,prp,0,26,10,letter_19,false_font_02,irrelevant,object,left,object_14,1.5,1.80052037286872,0.466,1.966,offset,1100
SX185,prp,0,26,11,letter_19,false_font_02,irrelevant,face,left,face_16,1.5,1.66754036069067,0,1.5,offset,1100
SX185,prp,0,26,12,letter_19,false_font_02,target,false_font,left,false_font_02,1,0.84525220996967,0.466,0.466,onset,1000
SX185,prp,0,26,13,letter_19,false_font_02,irrelevant,object,center,object_08,1,1.17369843509782,0.466,0.466,onset,1100
SX185,prp,0,26,14,letter_19,false_font_02,non-target,letter,center,letter_16,1.5,1.99478631761156,0.466,0.466,onset,1000
SX185,prp,0,26,15,letter_19,false_font_02,irrelevant,object,left,object_20,1.5,0.997164188566149,0.116,0.116,onset,1000
SX185,prp,0,26,16,letter_19,false_font_02,non-target,false_font,center,false_font_18,1.5,0.746875092207011,0.466,0.466,onset,1000
SX185,prp,0,26,17,letter_19,false_font_02,irrelevant,face,left,face_07,1.5,1.94696979623895,0.116,1.616,offset,1100
SX185,prp,0,26,18,letter_19,false_font_02,non-target,letter,right,letter_16,1.5,1.79767264182799,0.116,1.616,offset,1100
SX185,prp,0,26,19,letter_19,false_font_02,irrelevant,face,left,face_13,0.5,1.97588903149438,0,0,onset,1100
SX185,prp,0,26,20,letter_19,false_font_02,irrelevant,face,center,face_10,1,1.19338043349239,0.232,0.232,onset,1100
SX185,prp,0,26,21,letter_19,false_font_02,irrelevant,object,center,object_03,0.5,1.35781565895163,0.116,0.616,offset,1100
SX185,prp,0,26,22,letter_19,false_font_02,irrelevant,face,center,face_01,1.5,0.89281434482006,0,0,onset,1100
SX185,prp,0,26,23,letter_19,false_font_02,non-target,letter,left,letter_18,0.5,1.39001302171834,0,0.5,offset,1100
SX185,prp,0,26,24,letter_19,false_font_02,target,letter,right,letter_19,1.5,0.888521812194686,0.232,0.232,onset,1100
SX185,prp,0,26,25,letter_19,false_font_02,irrelevant,object,center,object_16,1,1.18488215948468,0.232,0.232,onset,1100
SX185,prp,0,26,26,letter_19,false_font_02,non-target,letter,center,letter_13,0.5,1.36418872883204,0.466,0.466,onset,1000
SX185,prp,0,26,27,letter_19,false_font_02,irrelevant,object,center,object_08,1.5,0.846318370603542,0.232,1.732,offset,1000
SX185,prp,0,26,28,letter_19,false_font_02,target,false_font,right,false_font_02,0.5,1.10712661540329,0.232,0.732,offset,1100
SX185,prp,0,26,29,letter_19,false_font_02,non-target,letter,left,letter_14,1.5,1.38210969646805,0,0,onset,1100
SX185,prp,0,26,30,letter_19,false_font_02,irrelevant,object,center,object_13,1.5,0.713077621758715,0.116,1.616,offset,1100
SX185,prp,0,26,31,letter_19,false_font_02,non-target,letter,center,letter_16,1.5,0.846615681308041,0.116,1.616,offset,1000
SX185,prp,0,26,32,letter_19,false_font_02,non-target,letter,left,letter_01,0.5,0.826697825333487,0,0,onset,1100
SX185,prp,0,26,33,letter_19,false_font_02,target,letter,center,letter_19,0.5,1.2547141548729,0,0,onset,1100
SX185,prp,0,26,34,letter_19,false_font_02,non-target,letter,center,letter_04,0.5,0.720338315529988,0,0,onset,1000
SX185,prp,0,26,35,letter_19,false_font_02,irrelevant,face,center,face_17,0.5,0.746042610472642,0.466,0.966,offset,1000
SX185,prp,0,26,36,letter_19,false_font_02,irrelevant,face,center,face_15,1.5,1.26554918383401,0.466,0.466,onset,1000
SX185,prp,0,27,1,face_01,object_10,irrelevant,false_font,center,false_font_13,1,1.05165377119143,0.116,0.116,onset,1000
SX185,prp,0,27,2,face_01,object_10,target,face,center,face_01,0.5,1.25933006669361,0,0.5,offset,1000
SX185,prp,0,27,3,face_01,object_10,non-target,object,center,object_14,1.5,1.48845594791,0.116,0.116,onset,1100
SX185,prp,0,27,4,face_01,object_10,irrelevant,letter,center,letter_11,1,1.20826617444428,0.232,0.232,onset,1000
SX185,prp,0,27,5,face_01,object_10,non-target,object,left,object_09,1.5,1.03613521902315,0.466,1.966,offset,1100
SX185,prp,0,27,6,face_01,object_10,non-target,face,left,face_18,1,0.777082590372648,0.116,1.116,offset,1000
SX185,prp,0,27,7,face_01,object_10,irrelevant,letter,center,letter_08,0.5,1.56811389249277,0,0,onset,1100
SX185,prp,0,27,8,face_01,object_10,non-target,face,center,face_09,1,1.31078564830464,0,0,onset,1000
SX185,prp,0,27,9,face_01,object_10,non-target,object,center,object_03,0.5,0.774410124005272,0,0,onset,1000
SX185,prp,0,27,10,face_01,object_10,irrelevant,false_font,right,false_font_01,0.5,0.844779574211009,0.466,0.966,offset,1100
SX185,prp,0,27,11,face_01,object_10,non-target,face,left,face_02,0.5,0.909625543818659,0,0.5,offset,1000
SX185,prp,0,27,12,face_01,object_10,irrelevant,letter,left,letter_19,0.5,1.92742558278013,0.116,0.116,onset,1000
SX185,prp,0,27,13,face_01,object_10,non-target,face,left,face_13,0.5,1.1914202475598,0,0,onset,1000
SX185,prp,0,27,14,face_01,object_10,irrelevant,false_font,center,false_font_14,0.5,1.19638357386374,0.116,0.616,offset,1100
SX185,prp,0,27,15,face_01,object_10,irrelevant,letter,left,letter_04,1,0.735039616566496,0.232,0.232,onset,1100
SX185,prp,0,27,16,face_01,object_10,non-target,face,center,face_08,0.5,0.753933777470461,0,0,onset,1100
SX185,prp,0,27,17,face_01,object_10,irrelevant,letter,right,letter_18,1.5,1.58290899304809,0.232,1.732,offset,1000
SX185,prp,0,27,18,face_01,object_10,non-target,object,right,object_06,1,1.3180233931006,0.232,1.232,offset,1000
SX185,prp,0,27,19,face_01,object_10,non-target,face,center,face_20,1,0.847452275093479,0.466,1.466,offset,1000
SX185,prp,0,27,20,face_01,object_10,irrelevant,false_font,right,false_font_19,1.5,1.79798709157024,0.116,1.616,offset,1000
SX185,prp,0,27,21,face_01,object_10,irrelevant,false_font,left,false_font_19,1,1.0032668806708,0.466,1.466,offset,1000
SX185,prp,0,27,22,face_01,object_10,irrelevant,letter,left,letter_13,0.5,0.779840179258294,0.466,0.966,offset,1000
SX185,prp,0,27,23,face_01,object_10,irrelevant,letter,right,letter_06,0.5,0.949904944003096,0.116,0.616,offset,1000
SX185,prp,0,27,24,face_01,object_10,target,face,left,face_01,0.5,1.79147366553032,0.466,0.466,onset,1100
SX185,prp,0,27,25,face_01,object_10,target,face,center,face_01,1,1.24806458594286,0.466,0.466,onset,1100
SX185,prp,0,27,26,face_01,object_10,non-target,object,center,object_09,1.5,0.716788059222335,0.116,1.616,offset,1100
SX185,prp,0,27,27,face_01,object_10,irrelevant,letter,center,letter_10,0.5,1.47590043300004,0.466,0.466,onset,1100
SX185,prp,0,27,28,face_01,object_10,non-target,face,right,face_09,1.5,1.98968859883557,0.116,0.116,onset,1000
SX185,prp,0,27,29,face_01,object_10,non-target,face,right,face_14,1,1.84420920007938,0.116,0.116,onset,1100
SX185,prp,0,27,30,face_01,object_10,non-target,object,right,object_12,0.5,1.26639607340153,0.116,0.616,offset,1000
SX185,prp,0,27,31,face_01,object_10,irrelevant,letter,center,letter_03,1.5,0.754404126921679,0.116,0.116,onset,1000
SX185,prp,0,27,32,face_01,object_10,non-target,object,left,object_03,0.5,1.46278027930665,0.466,0.466,onset,1000
SX185,prp,0,27,33,face_01,object_10,irrelevant,letter,left,letter_08,0.5,1.75886312114834,0.116,0.616,offset,1100
SX185,prp,0,27,34,face_01,object_10,target,object,right,object_10,1.5,1.9099238900932,0.232,0.232,onset,1000
SX185,prp,0,27,35,face_01,object_10,irrelevant,false_font,center,false_font_14,1,0.889818887645284,0.116,0.116,onset,1100
SX185,prp,0,27,36,face_01,object_10,non-target,face,center,face_14,0.5,1.23804365841746,0.466,0.466,onset,1000
SX185,prp,0,28,1,face_12,object_13,irrelevant,false_font,right,false_font_07,1.5,0.931775393835816,0.232,1.732,offset,1100
SX185,prp,0,28,2,face_12,object_13,non-target,face,center,face_18,0.5,1.18970369694405,0.232,0.232,onset,1100
SX185,prp,0,28,3,face_12,object_13,non-target,object,right,object_07,1,1.01775783100636,0.116,0.116,onset,1000
SX185,prp,0,28,4,face_12,object_13,non-target,object,right,object_17,1,1.63208409812793,0.232,0.232,onset,1000
SX185,prp,0,28,5,face_12,object_13,irrelevant,letter,left,letter_09,1,0.790746694348259,0.116,0.116,onset,1100
SX185,prp,0,28,6,face_12,object_13,irrelevant,letter,right,letter_04,0.5,0.989211512612987,0.232,0.732,offset,1000
SX185,prp,0,28,7,face_12,object_13,non-target,object,center,object_17,1,1.99918681089904,0.232,0.232,onset,1100
SX185,prp,0,28,8,face_12,object_13,non-target,face,center,face_18,1.5,1.68821668828438,0,1.5,offset,1100
SX185,prp,0,28,9,face_12,object_13,non-target,face,right,face_03,1.5,1.26409723420093,0.116,1.616,offset,1100
SX185,prp,0,28,10,face_12,object_13,non-target,face,center,face_01,0.5,1.99029477678254,0.116,0.116,onset,1100
SX185,prp,0,28,11,face_12,object_13,irrelevant,letter,left,letter_19,1,1.97565580244728,0.466,0.466,onset,1100
SX185,prp,0,28,12,face_12,object_13,non-target,object,center,object_04,0.5,1.2792673411701,0,0.5,offset,1000
SX185,prp,0,28,13,face_12,object_13,non-target,face,center,face_08,0.5,1.41252006714371,0.232,0.232,onset,1000
SX185,prp,0,28,14,face_12,object_13,irrelevant,letter,center,letter_09,1.5,1.79877893227622,0.466,1.966,offset,1100
SX185,prp,0,28,15,face_12,object_13,non-target,object,center,object_05,1,0.827727149890134,0.232,1.232,offset,1000
SX185,prp,0,28,16,face_12,object_13,irrelevant,letter,right,letter_16,1.5,1.6859230834602,0,1.5,offset,1000
SX185,prp,0,28,17,face_12,object_13,non-target,object,right,object_11,1,1.06446553015664,0.116,1.116,offset,1000
SX185,prp,0,28,18,face_12,object_13,irrelevant,letter,center,letter_07,1.5,1.68253529910729,0.232,0.232,onset,1000
SX185,prp,0,28,19,face_12,object_13,irrelevant,letter,left,letter_16,1,1.79440006444631,0,1,offset,1100
SX185,prp,0,28,20,face_12,object_13,irrelevant,letter,center,letter_11,1.5,1.86375871915411,0,1.5,offset,1000
SX185,prp,0,28,21,face_12,object_13,irrelevant,letter,right,letter_20,1.5,1.3555078082413,0.466,1.966,offset,1000
SX185,prp,0,28,22,face_12,object_13,target,object,center,object_13,1,0.878969875727196,0.116,0.116,onset,1100
SX185,prp,0,28,23,face_12,object_13,target,face,right,face_12,1,1.17953525304885,0.232,1.232,offset,1000
SX185,prp,0,28,24,face_12,object_13,non-target,object,center,object_04,0.5,1.53101947812507,0.116,0.116,onset,1000
SX185,prp,0,28,25,face_12,object_13,irrelevant,false_font,right,false_font_05,1.5,1.18688949189261,0.232,1.732,offset,1000
SX185,prp,0,28,26,face_12,object_13,irrelevant,false_font,left,false_font_04,1,1.2894295514977,0,1,offset,1100
SX185,prp,0,28,27,face_12,object_13,non-target,object,left,object_18,1.5,1.05910601121053,0.232,1.732,offset,1100
SX185,prp,0,28,28,face_12,object_13,non-target,face,center,face_06,0.5,0.888198492259432,0.116,0.616,offset,1000
SX185,prp,0,28,29,face_12,object_13,irrelevant,letter,left,letter_15,0.5,0.709883790588685,0.232,0.232,onset,1100
SX185,prp,0,28,30,face_12,object_13,non-target,object,right,object_17,0.5,1.62794358015228,0.116,0.616,offset,1100
SX185,prp,0,28,31,face_12,object_13,target,object,center,object_13,1,1.73579529136269,0,0,onset,1000
SX185,prp,0,28,32,face_12,object_13,non-target,face,right,face_15,1,0.931501981844189,0.232,0.232,onset,1000
SX185,prp,0,28,33,face_12,object_13,irrelevant,letter,left,letter_08,1.5,0.729205685794272,0.116,1.616,offset,1100
SX185,prp,0,28,34,face_12,object_13,irrelevant,letter,center,letter_19,0.5,1.73753173090293,0.232,0.232,onset,1100
SX185,prp,0,28,35,face_12,object_13,irrelevant,letter,center,letter_12,1,0.806337473073817,0.232,0.232,onset,1000
SX185,prp,0,28,36,face_12,object_13,target,object,center,object_13,0.5,0.945794723240647,0,0,onset,1100
SX185,prp,0,29,1,face_10,object_07,irrelevant,letter,right,letter_12,1,0.858895402670041,0,1,offset,1100
SX185,prp,0,29,2,face_10,object_07,irrelevant,letter,right,letter_09,0.5,1.24025066740363,0.232,0.232,onset,1000
SX185,prp,0,29,3,face_10,object_07,target,object,center,object_07,1,1.74157652816817,0,0,onset,1000
SX185,prp,0,29,4,face_10,object_07,non-target,face,left,face_11,1.5,1.55703463160799,0.466,0.466,onset,1000
SX185,prp,0,29,5,face_10,object_07,non-target,face,center,face_14,1,1.96548535109968,0.116,1.116,offset,1000
SX185,prp,0,29,6,face_10,object_07,non-target,face,center,face_04,1.5,1.04224876122361,0.466,1.966,offset,1100
SX185,prp,0,29,7,face_10,object_07,non-target,face,right,face_03,0.5,1.31021549321272,0.116,0.616,offset,1000
SX185,prp,0,29,8,face_10,object_07,irrelevant,letter,right,letter_05,1.5,0.986382529625932,0.116,0.116,onset,1000
SX185,prp,0,29,9,face_10,object_07,irrelevant,false_font,center,false_font_18,0.5,1.04689596820616,0,0.5,offset,1000
SX185,prp,0,29,10,face_10,object_07,non-target,face,right,face_12,1,0.997669704922692,0.466,1.466,offset,1000
SX185,prp,0,29,11,face_10,object_07,irrelevant,letter,left,letter_02,0.5,1.71934493028245,0.466,0.466,onset,1100
SX185,prp,0,29,12,face_10,object_07,irrelevant,false_font,center,false_font_11,1,0.739402585827914,0.466,0.466,onset,1100
SX185,prp,0,29,13,face_10,object_07,irrelevant,letter,center,letter_09,0.5,0.831812255851425,0,0.5,offset,1000
SX185,prp,0,29,14,face_10,object_07,non-target,object,center,object_16,0.5,1.45516044688932,0.466,0.966,offset,1100
SX185,prp,0,29,15,face_10,object_07,irrelevant,letter,center,letter_09,1.5,1.80962695468388,0,0,onset,1000
SX185,prp,0,29,16,face_10,object_07,target,object,left,object_07,1,1.9186408724142,0,1,offset,1100
SX185,prp,0,29,17,face_10,object_07,irrelevant,false_font,right,false_font_12,1.5,1.13541515183226,0,1.5,offset,1100
SX185,prp,0,29,18,face_10,object_07,non-target,object,right,object_17,1.5,1.46890416806835,0.232,1.732,offset,1000
SX185,prp,0,29,19,face_10,object_07,non-target,object,center,object_20,0.5,0.823898605233196,0.466,0.466,onset,1100
SX185,prp,0,29,20,face_10,object_07,target,object,right,object_07,1.5,1.64410359189258,0.116,1.616,offset,1000
SX185,prp,0,29,21,face_10,object_07,non-target,face,center,face_20,1.5,0.875521820962703,0.232,0.232,onset,1000
SX185,prp,0,29,22,face_10,object_07,target,face,right,face_10,0.5,1.11953640331031,0.466,0.966,offset,1000
SX185,prp,0,29,23,face_10,object_07,irrelevant,false_font,center,false_font_09,1.5,1.74947363803617,0,1.5,offset,1100
SX185,prp,0,29,24,face_10,object_07,irrelevant,letter,left,letter_13,1,1.39733137218684,0.116,1.116,offset,1100
SX185,prp,0,29,25,face_10,object_07,non-target,object,left,object_16,1,1.48771483281738,0.232,1.232,offset,1100
SX185,prp,0,29,26,face_10,object_07,irrelevant,letter,left,letter_11,0.5,0.891200489172636,0.232,0.232,onset,1000
SX185,prp,0,29,27,face_10,object_07,irrelevant,letter,left,letter_01,0.5,1.0929850251725,0.466,0.966,offset,1100
SX185,prp,0,29,28,face_10,object_07,irrelevant,false_font,left,false_font_05,1,1.7028512241474,0.116,0.116,onset,1100
SX185,prp,0,29,29,face_10,object_07,irrelevant,letter,center,letter_15,1,1.31061410913535,0.466,1.466,offset,1000
SX185,prp,0,29,30,face_10,object_07,non-target,face,right,face_14,1.5,1.99849303778766,0.116,1.616,offset,1000
SX185,prp,0,29,31,face_10,object_07,non-target,object,left,object_20,1.5,0.884760353366733,0,1.5,offset,1100
SX185,prp,0,29,32,face_10,object_07,non-target,object,right,object_01,1,0.909175738897817,0,0,onset,1000
SX185,prp,0,29,33,face_10,object_07,irrelevant,false_font,right,false_font_15,0.5,1.26278642823764,0.116,0.616,offset,1000
SX185,prp,0,29,34,face_10,object_07,non-target,face,center,face_04,1.5,1.46129179921745,0.466,0.466,onset,1100
SX185,prp,0,29,35,face_10,object_07,target,face,center,face_10,1.5,0.740755363027588,0.232,1.732,offset,1000
SX185,prp,0,29,36,face_10,object_07,non-target,object,left,object_10,1,0.940456536978472,0.116,1.116,offset,1100
SX185,prp,0,29,37,face_10,object_07,non-target,face,center,face_20,0.5,1.11385786780703,0,0.5,offset,1100
SX185,prp,0,30,1,face_06,object_11,irrelevant,letter,left,letter_09,0.5,0.990320319400718,0.232,0.732,offset,1000
SX185,prp,0,30,2,face_06,object_11,irrelevant,false_font,right,false_font_06,1.5,1.8850077408219,0,1.5,offset,1000
SX185,prp,0,30,3,face_06,object_11,non-target,object,left,object_12,0.5,1.95392553266043,0.466,0.966,offset,1100
SX185,prp,0,30,4,face_06,object_11,non-target,face,center,face_16,1.5,1.28885190744434,0.466,0.466,onset,1000
SX185,prp,0,30,5,face_06,object_11,target,object,center,object_11,1.5,1.94438872745669,0.116,0.116,onset,1000
SX185,prp,0,30,6,face_06,object_11,irrelevant,letter,right,letter_10,0.5,1.57235470554948,0,0,onset,1000
SX185,prp,0,30,7,face_06,object_11,non-target,object,center,object_07,1.5,0.809159648850872,0.466,0.466,onset,1100
SX185,prp,0,30,8,face_06,object_11,non-target,object,right,object_18,0.5,1.43788726454676,0.116,0.116,onset,1100
SX185,prp,0,30,9,face_06,object_11,target,object,center,object_11,1,1.31628116813511,0.466,1.466,offset,1000
SX185,prp,0,30,10,face_06,object_11,irrelevant,false_font,center,false_font_07,1,1.45434424391235,0.232,0.232,onset,1000
SX185,prp,0,30,11,face_06,object_11,irrelevant,false_font,right,false_font_18,1.5,1.22989940487766,0,0,onset,1000
SX185,prp,0,30,12,face_06,object_11,non-target,face,right,face_05,0.5,1.06911803612174,0,0,onset,1100
SX185,prp,0,30,13,face_06,object_11,non-target,face,center,face_10,1.5,1.07881263305656,0.232,1.732,offset,1000
SX185,prp,0,30,14,face_06,object_11,irrelevant,letter,center,letter_10,1,0.928312033268842,0,1,offset,1000
SX185,prp,0,30,15,face_06,object_11,irrelevant,false_font,center,false_font_19,0.5,1.87533585928225,0.466,0.466,onset,1000
SX185,prp,0,30,16,face_06,object_11,non-target,object,center,object_09,0.5,1.0974512501124,0.232,0.732,offset,1100
SX185,prp,0,30,17,face_06,object_11,irrelevant,letter,center,letter_10,1,1.22476609000177,0.232,0.232,onset,1100
SX185,prp,0,30,18,face_06,object_11,non-target,face,center,face_13,1.5,1.28333562754005,0.466,1.966,offset,1100
SX185,prp,0,30,19,face_06,object_11,non-target,face,center,face_14,1,1.06559175299687,0.116,1.116,offset,1100
SX185,prp,0,30,20,face_06,object_11,irrelevant,letter,right,letter_20,0.5,1.02414533645678,0.466,0.966,offset,1000
SX185,prp,0,30,21,face_06,object_11,non-target,object,left,object_13,0.5,1.09025038054291,0.232,0.732,offset,1000
SX185,prp,0,30,22,face_06,object_11,irrelevant,false_font,center,false_font_04,1.5,1.08907574980302,0.232,1.732,offset,1000
SX185,prp,0,30,23,face_06,object_11,irrelevant,letter,center,letter_05,1.5,0.85024082045252,0.116,1.616,offset,1100
SX185,prp,0,30,24,face_06,object_11,non-target,face,right,face_20,1,1.06020723392171,0.116,1.116,offset,1000
SX185,prp,0,30,25,face_06,object_11,non-target,object,right,object_01,1.5,0.824308637654097,0.232,1.732,offset,1100
SX185,prp,0,30,26,face_06,object_11,irrelevant,letter,right,letter_07,1,1.69701443441361,0.116,0.116,onset,1000
SX185,prp,0,30,27,face_06,object_11,irrelevant,false_font,center,false_font_03,1,1.41542869023538,0,0,onset,1000
SX185,prp,0,30,28,face_06,object_11,non-target,object,center,object_18,1.5,0.999020392452491,0,1.5,offset,1100
SX185,prp,0,30,29,face_06,object_11,target,face,left,face_06,0.5,1.77017363396826,0.232,0.732,offset,1100
SX185,prp,0,30,30,face_06,object_11,non-target,face,left,face_15,1.5,1.38747561180438,0.232,1.732,offset,1100
SX185,prp,0,30,31,face_06,object_11,non-target,face,center,face_03,1,1.8282850906472,0.116,1.116,offset,1000
SX185,prp,0,30,32,face_06,object_11,irrelevant,false_font,left,false_font_02,1.5,0.75054245957387,0.232,0.232,onset,1100
SX185,prp,0,30,33,face_06,object_11,target,object,right,object_11,1,1.64020358397162,0.466,0.466,onset,1000
SX185,prp,0,30,34,face_06,object_11,irrelevant,letter,center,letter_08,1,1.0750866266787,0.116,0.116,onset,1100
SX185,prp,0,30,35,face_06,object_11,irrelevant,false_font,right,false_font_07,1,0.910365101959802,0.466,1.466,offset,1000
SX185,prp,0,30,36,face_06,object_11,non-target,object,right,object_03,1.5,1.11636041168054,0.466,0.466,onset,1000
SX185,prp,0,31,1,letter_11,false_font_07,non-target,false_font,left,false_font_19,1.5,1.02934722543193,0.232,0.232,onset,1100
SX185,prp,0,31,2,letter_11,false_font_07,target,letter,right,letter_11,0.5,0.725870099673576,0.116,0.116,onset,1100
SX185,prp,0,31,3,letter_11,false_font_07,irrelevant,face,right,face_11,1.5,0.72273740036845,0.116,1.616,offset,1000
SX185,prp,0,31,4,letter_11,false_font_07,irrelevant,face,center,face_03,0.5,0.775307701218789,0.232,0.232,onset,1100
SX185,prp,0,31,5,letter_11,false_font_07,non-target,false_font,left,false_font_15,0.5,1.79999007032115,0.116,0.616,offset,1000
SX185,prp,0,31,6,letter_11,false_font_07,non-target,false_font,center,false_font_14,0.5,1.9045026254826,0.466,0.966,offset,1000
SX185,prp,0,31,7,letter_11,false_font_07,irrelevant,object,left,object_06,1,1.26331562762238,0.116,1.116,offset,1100
SX185,prp,0,31,8,letter_11,false_font_07,target,false_font,right,false_font_07,1,1.36287390148411,0.232,1.232,offset,1100
SX185,prp,0,31,9,letter_11,false_font_07,irrelevant,object,left,object_20,1,1.84051759275114,0,0,onset,1000
SX185,prp,0,31,10,letter_11,false_font_07,non-target,false_font,center,false_font_14,1.5,1.94159416975417,0.116,1.616,offset,1100
SX185,prp,0,31,11,letter_11,false_font_07,non-target,false_font,center,false_font_02,0.5,0.928988333628298,0,0,onset,1000
SX185,prp,0,31,12,letter_11,false_font_07,irrelevant,object,right,object_07,1,0.763059201940044,0,0,onset,1100
SX185,prp,0,31,13,letter_11,false_font_07,non-target,false_font,center,false_font_11,1.5,1.67225349434068,0.232,1.732,offset,1100
SX185,prp,0,31,14,letter_11,false_font_07,irrelevant,face,center,face_20,1.5,0.831999001920324,0.232,1.732,offset,1100
SX185,prp,0,31,15,letter_11,false_font_07,irrelevant,object,right,object_12,1.5,1.57754892342861,0.116,0.116,onset,1100
SX185,prp,0,31,16,letter_11,false_font_07,irrelevant,face,center,face_09,0.5,0.758507086734833,0,0,onset,1100
SX185,prp,0,31,17,letter_11,false_font_07,non-target,false_font,center,false_font_03,1,0.793891912907885,0,1,offset,1000
SX185,prp,0,31,18,letter_11,false_font_07,non-target,false_font,right,false_font_02,1,1.58937583263998,0.232,0.232,onset,1100
SX185,prp,0,31,19,letter_11,false_font_07,non-target,letter,center,letter_02,1.5,1.23152895848897,0.466,1.966,offset,1000
SX185,prp,0,31,20,letter_11,false_font_07,irrelevant,face,right,face_17,1.5,1.49286767089859,0,0,onset,1100
SX185,prp,0,31,21,letter_11,false_font_07,irrelevant,face,left,face_08,1,0.870459403879019,0,1,offset,1100
SX185,prp,0,31,22,letter_11,false_font_07,target,false_font,left,false_font_07,1.5,0.985510544693198,0.116,1.616,offset,1000
SX185,prp,0,31,23,letter_11,false_font_07,irrelevant,face,center,face_16,1.5,1.56739128798585,0,1.5,offset,1000
SX185,prp,0,31,24,letter_11,false_font_07,irrelevant,face,right,face_02,1.5,0.897100762483352,0,0,onset,1000
SX185,prp,0,31,25,letter_11,false_font_07,non-target,false_font,center,false_font_01,1,0.803632690628977,0.466,0.466,onset,1000
SX185,prp,0,31,26,letter_11,false_font_07,non-target,false_font,center,false_font_02,1.5,0.74914293464246,0,1.5,offset,1000
SX185,prp,0,31,27,letter_11,false_font_07,non-target,false_font,center,false_font_08,1,1.19017130300829,0.116,0.116,onset,1100
SX185,prp,0,31,28,letter_11,false_font_07,non-target,letter,center,letter_07,0.5,1.54576013653597,0.116,0.116,onset,1100
SX185,prp,0,31,29,letter_11,false_font_07,target,false_font,center,false_font_07,0.5,0.711049687803975,0.466,0.966,offset,1100
SX185,prp,0,31,30,letter_11,false_font_07,irrelevant,object,center,object_18,1,0.763174884107447,0.232,1.232,offset,1100
SX185,prp,0,31,31,letter_11,false_font_07,irrelevant,face,center,face_18,1.5,0.900499940178589,0,0,onset,1100
SX185,prp,0,31,32,letter_11,false_font_07,irrelevant,object,center,object_10,1,0.712984334028383,0.232,1.232,offset,1000
SX185,prp,0,31,33,letter_11,false_font_07,non-target,false_font,right,false_font_18,1,1.61691116510953,0,0,onset,1000
SX185,prp,0,31,34,letter_11,false_font_07,non-target,letter,center,letter_16,0.5,1.7451653839666,0.232,0.732,offset,1100
SX185,prp,0,31,35,letter_11,false_font_07,non-target,letter,left,letter_10,1.5,1.30924744593376,0.232,1.732,offset,1100
SX185,prp,0,31,36,letter_11,false_font_07,irrelevant,face,center,face_07,0.5,1.11302635458941,0.466,0.466,onset,1000
SX185,prp,0,32,1,letter_02,false_font_08,non-target,letter,center,letter_07,1.5,0.804808331229902,0.466,0.466,onset,1100
SX185,prp,0,32,2,letter_02,false_font_08,irrelevant,object,center,object_19,1,1.05044717246966,0.466,0.466,onset,1100
SX185,prp,0,32,3,letter_02,false_font_08,irrelevant,object,left,object_05,1.5,0.915607048870447,0.116,1.616,offset,1000
SX185,prp,0,32,4,letter_02,false_font_08,target,letter,left,letter_02,1.5,1.84497836845708,0.466,1.966,offset,1100
SX185,prp,0,32,5,letter_02,false_font_08,irrelevant,face,center,face_13,0.5,1.05905258033805,0.232,0.232,onset,1100
SX185,prp,0,32,6,letter_02,false_font_08,non-target,false_font,center,false_font_17,1.5,1.06206016231427,0.466,1.966,offset,1100
SX185,prp,0,32,7,letter_02,false_font_08,non-target,letter,center,letter_06,1,1.71872811972325,0.116,0.116,onset,1000
SX185,prp,0,32,8,letter_02,false_font_08,non-target,letter,center,letter_07,1,1.18727647427373,0.232,0.232,onset,1000
SX185,prp,0,32,9,letter_02,false_font_08,irrelevant,object,left,object_07,1,1.10644258879085,0.466,0.466,onset,1000
SX185,prp,0,32,10,letter_02,false_font_08,irrelevant,face,left,face_09,0.5,0.900265888484411,0.116,0.616,offset,1100
SX185,prp,0,32,11,letter_02,false_font_08,irrelevant,object,center,object_08,0.5,1.54614314316235,0.116,0.116,onset,1100
SX185,prp,0,32,12,letter_02,false_font_08,non-target,false_font,center,false_font_15,0.5,1.05480688622797,0.116,0.616,offset,1100
SX185,prp,0,32,13,letter_02,false_font_08,target,letter,left,letter_02,0.5,0.894046873948117,0.232,0.732,offset,1100
SX185,prp,0,32,14,letter_02,false_font_08,irrelevant,face,center,face_12,1,0.897793695938787,0.466,0.466,onset,1000
SX185,prp,0,32,15,letter_02,false_font_08,target,false_font,right,false_font_08,0.5,0.908223445398075,0,0,onset,1100
SX185,prp,0,32,16,letter_02,false_font_08,non-target,false_font,left,false_font_16,0.5,0.842029418537279,0.466,0.966,offset,1100
SX185,prp,0,32,17,letter_02,false_font_08,irrelevant,face,center,face_14,0.5,0.95192169821386,0.466,0.966,offset,1000
SX185,prp,0,32,18,letter_02,false_font_08,non-target,false_font,center,false_font_09,1,0.743675017218955,0.232,1.232,offset,1000
SX185,prp,0,32,19,letter_02,false_font_08,non-target,letter,center,letter_13,0.5,0.917026929232434,0.232,0.732,offset,1100
SX185,prp,0,32,20,letter_02,false_font_08,irrelevant,object,left,object_18,0.5,1.27247148700798,0.232,0.232,onset,1000
SX185,prp,0,32,21,letter_02,false_font_08,irrelevant,face,center,face_10,1,0.987673955406905,0,0,onset,1000
SX185,prp,0,32,22,letter_02,false_font_08,non-target,letter,center,letter_05,0.5,1.88290505477671,0.116,0.616,offset,1100
SX185,prp,0,32,23,letter_02,false_font_08,non-target,letter,right,letter_16,0.5,1.04848814007396,0,0.5,offset,1000
SX185,prp,0,32,24,letter_02,false_font_08,non-target,false_font,center,false_font_14,0.5,1.10813792158141,0.116,0.616,offset,1000
SX185,prp,0,32,25,letter_02,false_font_08,irrelevant,face,right,face_08,0.5,0.842486061185603,0,0,onset,1100
SX185,prp,0,32,26,letter_02,false_font_08,target,false_font,right,false_font_08,1,1.13706074279399,0.466,1.466,offset,1100
SX185,prp,0,32,27,letter_02,false_font_08,non-target,letter,right,letter_17,0.5,0.760559835644066,0.116,0.116,onset,1000
SX185,prp,0,32,28,letter_02,false_font_08,irrelevant,object,center,object_14,1.5,0.735528820728473,0,0,onset,1100
SX185,prp,0,32,29,letter_02,false_font_08,irrelevant,face,right,face_07,0.5,0.836397148254185,0,0.5,offset,1100
SX185,prp,0,32,30,letter_02,false_font_08,non-target,letter,right,letter_04,1,0.901316683229167,0.232,0.232,onset,1100
SX185,prp,0,32,31,letter_02,false_font_08,irrelevant,object,left,object_03,1.5,0.984620040955073,0,1.5,offset,1100
SX185,prp,0,32,32,letter_02,false_font_08,non-target,false_font,right,false_font_10,0.5,1.06557919906285,0.232,0.232,onset,1100
SX185,prp,0,32,33,letter_02,false_font_08,non-target,letter,center,letter_15,0.5,1.43771064308441,0.232,0.232,onset,1000
SX185,prp,0,32,34,letter_02,false_font_08,target,letter,center,letter_02,1,1.12194953257393,0.232,0.232,onset,1000
SX185,prp,0,32,35,letter_02,false_font_08,irrelevant,object,center,object_20,1,1.1416662585993,0,1,offset,1100
SX185,prp,0,32,36,letter_02,false_font_08,non-target,false_font,center,false_font_13,1,1.23453483220341,0.116,1.116,offset,1100
SX185,prp,0,32,37,letter_02,false_font_08,irrelevant,face,right,face_12,0.5,0.995493762611534,0.232,0.732,offset,1000
SX185,prp,0,33,1,letter_02,false_font_06,non-target,false_font,right,false_font_09,0.5,0.98624468249725,0.466,0.966,offset,1000
SX185,prp,0,33,2,letter_02,false_font_06,non-target,letter,left,letter_17,1.5,1.52208458218474,0.232,0.232,onset,1000
SX185,prp,0,33,3,letter_02,false_font_06,irrelevant,object,center,object_20,1.5,0.744839580149036,0.466,1.966,offset,1100
SX185,prp,0,33,4,letter_02,false_font_06,non-target,letter,center,letter_04,1.5,1.29572723934794,0,1.5,offset,1000
SX185,prp,0,33,5,letter_02,false_font_06,irrelevant,face,right,face_09,1.5,1.25890036420728,0.232,1.732,offset,1100
SX185,prp,0,33,6,letter_02,false_font_06,non-target,letter,center,letter_06,1.5,1.4223747267406,0,0,onset,1000
SX185,prp,0,33,7,letter_02,false_font_06,non-target,false_font,right,false_font_13,1,0.891515939712843,0.116,0.116,onset,1100
SX185,prp,0,33,8,letter_02,false_font_06,irrelevant,object,right,object_13,1.5,1.03977670385723,0.232,1.732,offset,1000
SX185,prp,0,33,9,letter_02,false_font_06,non-target,letter,right,letter_13,1,1.25850775886885,0.232,1.232,offset,1000
SX185,prp,0,33,10,letter_02,false_font_06,irrelevant,face,center,face_02,0.5,1.97425405954378,0.116,0.116,onset,1100
SX185,prp,0,33,11,letter_02,false_font_06,non-target,false_font,center,false_font_09,1.5,0.843925174704141,0,1.5,offset,1100
SX185,prp,0,33,12,letter_02,false_font_06,irrelevant,object,right,object_04,0.5,1.77151927618481,0.232,0.732,offset,1000
SX185,prp,0,33,13,letter_02,false_font_06,irrelevant,face,center,face_15,1,1.31643796804996,0.116,0.116,onset,1100
SX185,prp,0,33,14,letter_02,false_font_06,irrelevant,object,left,object_11,1.5,1.49063324282597,0.466,0.466,onset,1000
SX185,prp,0,33,15,letter_02,false_font_06,target,letter,left,letter_02,1,1.73255553600245,0.466,0.466,onset,1000
SX185,prp,0,33,16,letter_02,false_font_06,target,false_font,left,false_font_06,0.5,0.836581686792937,0.116,0.116,onset,1100
SX185,prp,0,33,17,letter_02,false_font_06,irrelevant,object,left,object_03,0.5,1.13986862808487,0.116,0.116,onset,1100
SX185,prp,0,33,18,letter_02,false_font_06,non-target,false_font,center,false_font_19,1,1.04840194212484,0,1,offset,1100
SX185,prp,0,33,19,letter_02,false_font_06,irrelevant,face,center,face_14,1,1.74074843469273,0.116,1.116,offset,1000
SX185,prp,0,33,20,letter_02,false_font_06,irrelevant,face,right,face_14,0.5,1.84490243232183,0.466,0.966,offset,1000
SX185,prp,0,33,21,letter_02,false_font_06,irrelevant,object,center,object_12,0.5,1.19861202525895,0.466,0.966,offset,1100
SX185,prp,0,33,22,letter_02,false_font_06,irrelevant,face,left,face_18,0.5,1.09164037880619,0.232,0.732,offset,1000
SX185,prp,0,33,23,letter_02,false_font_06,irrelevant,object,center,object_19,0.5,0.882206175033308,0.232,0.232,onset,1000
SX185,prp,0,33,24,letter_02,false_font_06,non-target,false_font,center,false_font_10,1.5,0.994961954745758,0.466,1.966,offset,1000
SX185,prp,0,33,25,letter_02,false_font_06,target,letter,center,letter_02,1,0.833485943123689,0.232,1.232,offset,1000
SX185,prp,0,33,26,letter_02,false_font_06,non-target,false_font,center,false_font_05,1.5,0.965431814567975,0,0,onset,1100
SX185,prp,0,33,27,letter_02,false_font_06,irrelevant,face,center,face_20,1,1.23101317868768,0.466,1.466,offset,1100
SX185,prp,0,33,28,letter_02,false_font_06,non-target,letter,right,letter_08,1.5,1.16088327185051,0.116,0.116,onset,1100
SX185,prp,0,33,29,letter_02,false_font_06,irrelevant,face,center,face_16,0.5,1.55299786378572,0,0,onset,1100
SX185,prp,0,33,30,letter_02,false_font_06,non-target,false_font,left,false_font_03,0.5,1.50766420881407,0.466,0.466,onset,1000
SX185,prp,0,33,31,letter_02,false_font_06,non-target,false_font,left,false_font_19,0.5,0.823511668002847,0,0.5,offset,1100
SX185,prp,0,33,32,letter_02,false_font_06,non-target,letter,right,letter_09,1.5,1.8083193240937,0.116,0.116,onset,1000
SX185,prp,0,33,33,letter_02,false_font_06,target,false_font,center,false_font_06,1.5,0.792537898333949,0.466,1.966,offset,1000
SX185,prp,0,33,34,letter_02,false_font_06,irrelevant,object,right,object_01,1,0.724844330236399,0.116,0.116,onset,1000
SX185,prp,0,33,35,letter_02,false_font_06,non-target,letter,center,letter_18,1.5,0.775618193444836,0,1.5,offset,1000
SX185,prp,0,33,36,letter_02,false_font_06,non-target,letter,center,letter_12,1,1.21413574685055,0.466,1.466,offset,1000
SX185,prp,0,34,1,letter_11,false_font_11,non-target,false_font,right,false_font_04,1.5,1.64216880383882,0.466,0.466,onset,1100
SX185,prp,0,34,2,letter_11,false_font_11,irrelevant,face,center,face_04,0.5,0.902257415317591,0.466,0.966,offset,1100
SX185,prp,0,34,3,letter_11,false_font_11,non-target,letter,center,letter_09,1.5,1.76675174395639,0.116,1.616,offset,1000
SX185,prp,0,34,4,letter_11,false_font_11,irrelevant,face,left,face_05,1,0.812662612125364,0,0,onset,1000
SX185,prp,0,34,5,letter_11,false_font_11,non-target,false_font,left,false_font_03,1,1.36395305209609,0.116,1.116,offset,1100
SX185,prp,0,34,6,letter_11,false_font_11,non-target,letter,center,letter_13,1,1.52012094307173,0,0,onset,1100
SX185,prp,0,34,7,letter_11,false_font_11,non-target,false_font,center,false_font_10,0.5,1.03984262488642,0,0.5,offset,1100
SX185,prp,0,34,8,letter_11,false_font_11,non-target,letter,center,letter_10,0.5,0.812084545904163,0.466,0.466,onset,1000
SX185,prp,0,34,9,letter_11,false_font_11,irrelevant,face,left,face_11,1.5,0.871613824695471,0,1.5,offset,1100
SX185,prp,0,34,10,letter_11,false_font_11,non-target,letter,center,letter_17,0.5,1.2694888139214,0,0.5,offset,1100
SX185,prp,0,34,11,letter_11,false_font_11,non-target,false_font,center,false_font_03,0.5,1.70000684589106,0,0.5,offset,1000
SX185,prp,0,34,12,letter_11,false_font_11,non-target,letter,center,letter_04,1,0.738977499774177,0.232,1.232,offset,1000
SX185,prp,0,34,13,letter_11,false_font_11,target,letter,left,letter_11,1,1.93867936417099,0.466,0.466,onset,1000
SX185,prp,0,34,14,letter_11,false_font_11,irrelevant,face,left,face_19,1.5,1.4810381236246,0.466,1.966,offset,1100
SX185,prp,0,34,15,letter_11,false_font_11,target,false_font,center,false_font_11,1,1.93229589257579,0.232,1.232,offset,1100
SX185,prp,0,34,16,letter_11,false_font_11,irrelevant,face,left,face_14,0.5,1.76774794094846,0,0.5,offset,1100
SX185,prp,0,34,17,letter_11,false_font_11,irrelevant,face,left,face_03,0.5,1.65467306552899,0.232,0.732,offset,1100
SX185,prp,0,34,18,letter_11,false_font_11,non-target,letter,center,letter_17,1.5,1.29793331680592,0.466,0.466,onset,1100
SX185,prp,0,34,19,letter_11,false_font_11,irrelevant,object,center,object_11,1,1.46024863997909,0.466,0.466,onset,1000
SX185,prp,0,34,20,letter_11,false_font_11,irrelevant,face,left,face_20,1,0.850666931154383,0,1,offset,1000
SX185,prp,0,34,21,letter_11,false_font_11,non-target,letter,right,letter_15,1,1.4129869547964,0.116,1.116,offset,1100
SX185,prp,0,34,22,letter_11,false_font_11,irrelevant,face,center,face_16,1,1.63770485474759,0.466,1.466,offset,1000
SX185,prp,0,34,23,letter_11,false_font_11,irrelevant,object,center,object_16,1,1.35011350608579,0.116,0.116,onset,1100
SX185,prp,0,34,24,letter_11,false_font_11,irrelevant,face,left,face_01,1,1.0862332138888,0.116,0.116,onset,1100
SX185,prp,0,34,25,letter_11,false_font_11,non-target,letter,left,letter_02,0.5,0.920781594076093,0.466,0.966,offset,1000
SX185,prp,0,34,26,letter_11,false_font_11,target,letter,left,letter_11,1,1.67338520633033,0,1,offset,1000
SX185,prp,0,34,27,letter_11,false_font_11,irrelevant,face,right,face_05,1,1.98669219150702,0.466,1.466,offset,1000
SX185,prp,0,34,28,letter_11,false_font_11,target,false_font,left,false_font_11,1,1.95659243629878,0.116,0.116,onset,1000
SX185,prp,0,34,29,letter_11,false_font_11,non-target,letter,center,letter_17,0.5,1.25921671574337,0.232,0.732,offset,1000
SX185,prp,0,34,30,letter_11,false_font_11,irrelevant,object,right,object_10,0.5,0.984220486332739,0.232,0.732,offset,1100
SX185,prp,0,34,31,letter_11,false_font_11,target,letter,left,letter_11,1,1.22441576267672,0.466,0.466,onset,1000
SX185,prp,0,34,32,letter_11,false_font_11,non-target,false_font,center,false_font_14,1.5,1.56080774775223,0.116,0.116,onset,1100
SX185,prp,0,34,33,letter_11,false_font_11,irrelevant,face,left,face_05,1.5,1.84931684447404,0.232,1.732,offset,1100
SX185,prp,0,34,34,letter_11,false_font_11,irrelevant,object,center,object_15,1.5,0.811443119159848,0,0,onset,1000
SX185,prp,0,34,35,letter_11,false_font_11,non-target,letter,right,letter_05,0.5,1.85169049338185,0,0.5,offset,1000
SX185,prp,0,34,36,letter_11,false_font_11,irrelevant,face,left,face_17,1,1.12708530330564,0.466,1.466,offset,1100
SX185,prp,0,34,37,letter_11,false_font_11,non-target,letter,left,letter_19,1.5,0.976767972908132,0.116,0.116,onset,1000
SX185,prp,0,35,1,face_09,object_15,irrelevant,letter,center,letter_20,1.5,1.39957788651156,0,0,onset,1000
SX185,prp,0,35,2,face_09,object_15,non-target,face,center,face_07,1,1.44240284701968,0.116,0.116,onset,1100
SX185,prp,0,35,3,face_09,object_15,non-target,face,center,face_15,1,1.17262329852644,0.232,1.232,offset,1000
SX185,prp,0,35,4,face_09,object_15,irrelevant,false_font,right,false_font_14,1,0.957416809597848,0.116,1.116,offset,1100
SX185,prp,0,35,5,face_09,object_15,target,face,left,face_09,1,0.906872624156912,0.232,0.232,onset,1100
SX185,prp,0,35,6,face_09,object_15,irrelevant,false_font,center,false_font_15,0.5,0.880496371624751,0.116,0.116,onset,1100
SX185,prp,0,35,7,face_09,object_15,non-target,object,center,object_04,1,0.94585510426173,0,1,offset,1100
SX185,prp,0,35,8,face_09,object_15,non-target,object,center,object_16,0.5,1.58208676568771,0.466,0.466,onset,1000
SX185,prp,0,35,9,face_09,object_15,irrelevant,letter,center,letter_19,1.5,0.880770331075832,0.232,1.732,offset,1000
SX185,prp,0,35,10,face_09,object_15,non-target,object,right,object_05,0.5,0.901631508942138,0,0.5,offset,1000
SX185,prp,0,35,11,face_09,object_15,irrelevant,false_font,left,false_font_09,0.5,1.80670080487771,0.466,0.966,offset,1100
SX185,prp,0,35,12,face_09,object_15,irrelevant,false_font,center,false_font_07,0.5,1.48532062519276,0.116,0.616,offset,1000
SX185,prp,0,35,13,face_09,object_15,non-target,face,center,face_19,1.5,0.870391655123751,0.232,0.232,onset,1100
SX185,prp,0,35,14,face_09,object_15,non-target,object,left,object_10,0.5,1.60480480043808,0.232,0.732,offset,1100
SX185,prp,0,35,15,face_09,object_15,irrelevant,false_font,center,false_font_20,1,0.888384901500751,0.116,0.116,onset,1100
SX185,prp,0,35,16,face_09,object_15,irrelevant,letter,center,letter_11,0.5,0.857519585918449,0.116,0.616,offset,1100
SX185,prp,0,35,17,face_09,object_15,target,object,left,object_15,1.5,0.870432727063639,0,0,onset,1100
SX185,prp,0,35,18,face_09,object_15,irrelevant,letter,right,letter_04,1,0.893228107047802,0.232,0.232,onset,1100
SX185,prp,0,35,19,face_09,object_15,non-target,face,left,face_13,1.5,0.713056193528224,0.466,0.466,onset,1100
SX185,prp,0,35,20,face_09,object_15,target,object,right,object_15,1.5,1.33004154818415,0,0,onset,1000
SX185,prp,0,35,21,face_09,object_15,non-target,face,right,face_13,1,1.3929450418875,0.232,0.232,onset,1100
SX185,prp,0,35,22,face_09,object_15,non-target,face,right,face_07,0.5,1.19892580506005,0,0.5,offset,1000
SX185,prp,0,35,23,face_09,object_15,non-target,object,center,object_12,1,1.98871554608763,0,0,onset,1100
SX185,prp,0,35,24,face_09,object_15,irrelevant,false_font,center,false_font_18,1,1.32945667900579,0.466,0.466,onset,1000
SX185,prp,0,35,25,face_09,object_15,irrelevant,false_font,left,false_font_06,1.5,1.61678455892277,0.116,0.116,onset,1100
SX185,prp,0,35,26,face_09,object_15,target,object,left,object_15,1,0.716526291313057,0.232,1.232,offset,1100
SX185,prp,0,35,27,face_09,object_15,non-target,object,right,object_20,1.5,1.0361705536919,0,0,onset,1000
SX185,prp,0,35,28,face_09,object_15,non-target,object,right,object_20,1,1.36896405745002,0,1,offset,1000
SX185,prp,0,35,29,face_09,object_15,irrelevant,false_font,right,false_font_09,1.5,1.872016191162,0.466,0.466,onset,1000
SX185,prp,0,35,30,face_09,object_15,irrelevant,letter,left,letter_08,1,1.4600488476232,0,1,offset,1000
SX185,prp,0,35,31,face_09,object_15,non-target,face,left,face_03,1.5,0.98975063508987,0.466,1.966,offset,1000
SX185,prp,0,35,32,face_09,object_15,irrelevant,false_font,center,false_font_07,1,1.25396429363635,0,1,offset,1000
SX185,prp,0,35,33,face_09,object_15,irrelevant,false_font,center,false_font_03,1.5,1.44940898868019,0.116,0.116,onset,1000
SX185,prp,0,35,34,face_09,object_15,irrelevant,letter,right,letter_07,1.5,0.805144098144765,0.466,0.466,onset,1100
SX185,prp,0,35,35,face_09,object_15,non-target,object,left,object_19,1.5,0.75313498213504,0.466,1.966,offset,1100
SX185,prp,0,35,36,face_09,object_15,non-target,object,left,object_14,0.5,0.76130646816372,0.466,0.466,onset,1100
SX185,prp,0,36,1,face_04,object_18,irrelevant,false_font,center,false_font_14,1.5,1.95477126220684,0.466,1.966,offset,1100
SX185,prp,0,36,2,face_04,object_18,irrelevant,false_font,center,false_font_16,1.5,0.806950874532198,0.116,0.116,onset,1100
SX185,prp,0,36,3,face_04,object_18,target,face,left,face_04,1.5,0.985384839559575,0,0,onset,1000
SX185,prp,0,36,4,face_04,object_18,irrelevant,false_font,left,false_font_04,0.5,1.16433131544458,0.232,0.732,offset,1000
SX185,prp,0,36,5,face_04,object_18,irrelevant,letter,center,letter_01,0.5,1.66975725934156,0,0.5,offset,1100
SX185,prp,0,36,6,face_04,object_18,non-target,object,left,object_06,1,1.21727497773958,0,1,offset,1100
SX185,prp,0,36,7,face_04,object_18,non-target,face,center,face_02,1.5,1.7502042688307,0.232,0.232,onset,1100
SX185,prp,0,36,8,face_04,object_18,non-target,object,center,object_19,1.5,1.11488499337556,0,0,onset,1000
SX185,prp,0,36,9,face_04,object_18,non-target,face,center,face_15,1,0.739544199990116,0,0,onset,1000
SX185,prp,0,36,10,face_04,object_18,irrelevant,letter,center,letter_13,1.5,0.932381582601741,0,0,onset,1000
SX185,prp,0,36,11,face_04,object_18,irrelevant,false_font,center,false_font_08,1.5,1.10554603545383,0,0,onset,1000
SX185,prp,0,36,12,face_04,object_18,irrelevant,false_font,center,false_font_07,1.5,1.75100486149927,0.232,1.732,offset,1000
SX185,prp,0,36,13,face_04,object_18,non-target,face,left,face_18,0.5,1.16811232053529,0,0.5,offset,1100
SX185,prp,0,36,14,face_04,object_18,non-target,face,center,face_09,1.5,0.776962102059533,0.116,0.116,onset,1000
SX185,prp,0,36,15,face_04,object_18,non-target,face,center,face_02,1,0.778452896124992,0.466,0.466,onset,1100
SX185,prp,0,36,16,face_04,object_18,irrelevant,letter,center,letter_07,0.5,0.796780183593451,0.232,0.732,offset,1100
SX185,prp,0,36,17,face_04,object_18,irrelevant,letter,center,letter_14,1.5,0.817146281027275,0.232,0.232,onset,1100
SX185,prp,0,36,18,face_04,object_18,irrelevant,false_font,right,false_font_17,0.5,1.07144586423535,0.232,0.232,onset,1000
SX185,prp,0,36,19,face_04,object_18,target,object,right,object_18,1.5,0.909199568231263,0.466,1.966,offset,1100
SX185,prp,0,36,20,face_04,object_18,non-target,face,left,face_07,1.5,1.6019721005813,0,1.5,offset,1100
SX185,prp,0,36,21,face_04,object_18,non-target,face,left,face_18,1.5,1.81341116321089,0,0,onset,1100
SX185,prp,0,36,22,face_04,object_18,non-target,object,left,object_15,0.5,1.48311948923486,0.116,0.116,onset,1000
SX185,prp,0,36,23,face_04,object_18,irrelevant,letter,right,letter_12,1.5,1.8390357455219,0.116,1.616,offset,1100
SX185,prp,0,36,24,face_04,object_18,irrelevant,false_font,center,false_font_08,1.5,1.50325492411428,0.466,1.966,offset,1000
SX185,prp,0,36,25,face_04,object_18,non-target,object,center,object_01,1.5,1.08666933926343,0.232,1.732,offset,1100
SX185,prp,0,36,26,face_04,object_18,irrelevant,false_font,center,false_font_02,1,1.8812520890145,0.116,1.116,offset,1100
SX185,prp,0,36,27,face_04,object_18,non-target,object,left,object_05,1.5,1.16152126169981,0.116,1.616,offset,1100
SX185,prp,0,36,28,face_04,object_18,non-target,object,center,object_12,1,1.55097497321591,0.232,0.232,onset,1000
SX185,prp,0,36,29,face_04,object_18,irrelevant,letter,center,letter_05,1.5,1.88320762997804,0.116,0.116,onset,1100
SX185,prp,0,36,30,face_04,object_18,irrelevant,false_font,center,false_font_14,1.5,1.23814322599903,0.466,0.466,onset,1000
SX185,prp,0,36,31,face_04,object_18,irrelevant,false_font,left,false_font_06,1,0.764441002226862,0.116,1.116,offset,1100
SX185,prp,0,36,32,face_04,object_18,non-target,object,left,object_15,1,1.48826255048914,0.232,1.232,offset,1000
SX185,prp,0,36,33,face_04,object_18,non-target,object,right,object_03,0.5,1.01296420905304,0.232,0.232,onset,1100
SX185,prp,0,36,34,face_04,object_18,non-target,object,center,object_06,1.5,1.13778535100284,0.116,1.616,offset,1000
SX185,prp,0,37,1,face_04,object_04,irrelevant,false_font,right,false_font_11,1,0.845452280411725,0.232,1.232,offset,1000
SX185,prp,0,37,2,face_04,object_04,non-target,face,center,face_01,1.5,1.57403632809322,0.232,0.232,onset,1000
SX185,prp,0,37,3,face_04,object_04,irrelevant,false_font,center,false_font_09,1.5,1.59695957459035,0.116,1.616,offset,1100
SX185,prp,0,37,4,face_04,object_04,irrelevant,false_font,center,false_font_05,1,1.05305375980107,0.232,0.232,onset,1100
SX185,prp,0,37,5,face_04,object_04,irrelevant,false_font,left,false_font_07,0.5,1.12323584699473,0.116,0.616,offset,1000
SX185,prp,0,37,6,face_04,object_04,non-target,face,center,face_15,0.5,0.948144959095913,0,0.5,offset,1000
SX185,prp,0,37,7,face_04,object_04,non-target,face,right,face_06,1,1.03283162370088,0.466,0.466,onset,1000
SX185,prp,0,37,8,face_04,object_04,non-target,object,center,object_13,1.5,0.986711216984297,0.466,0.466,onset,1000
SX185,prp,0,37,9,face_04,object_04,non-target,object,center,object_19,0.5,1.02045526755973,0,0,onset,1100
SX185,prp,0,37,10,face_04,object_04,irrelevant,false_font,right,false_font_03,1,0.870036101839022,0.232,0.232,onset,1000
SX185,prp,0,37,11,face_04,object_04,irrelevant,false_font,left,false_font_20,1,1.53033602805868,0.232,1.232,offset,1000
SX185,prp,0,37,12,face_04,object_04,non-target,object,center,object_15,0.5,0.86022511013838,0.116,0.616,offset,1000
SX185,prp,0,37,13,face_04,object_04,target,face,center,face_04,0.5,1.29751545924033,0.116,0.116,onset,1000
SX185,prp,0,37,14,face_04,object_04,non-target,object,center,object_11,0.5,1.39233144573545,0,0,onset,1000
SX185,prp,0,37,15,face_04,object_04,irrelevant,false_font,left,false_font_02,1,1.93284723402814,0.116,1.116,offset,1100
SX185,prp,0,37,16,face_04,object_04,non-target,object,right,object_15,1,1.36231899377426,0.466,1.466,offset,1000
SX185,prp,0,37,17,face_04,object_04,irrelevant,letter,left,letter_14,1,0.84476273801174,0.116,0.116,onset,1000
SX185,prp,0,37,18,face_04,object_04,non-target,face,left,face_03,0.5,0.989263231613435,0.232,0.232,onset,1100
SX185,prp,0,37,19,face_04,object_04,non-target,object,center,object_15,1,1.21460972447268,0,1,offset,1000
SX185,prp,0,37,20,face_04,object_04,target,object,center,object_04,0.5,1.60931190236308,0,0,onset,1000
SX185,prp,0,37,21,face_04,object_04,non-target,object,center,object_15,1.5,1.1578424927063,0.232,0.232,onset,1100
SX185,prp,0,37,22,face_04,object_04,non-target,face,center,face_01,1,1.51463130198446,0.232,0.232,onset,1100
SX185,prp,0,37,23,face_04,object_04,irrelevant,false_font,center,false_font_02,0.5,0.945898526446364,0.466,0.966,offset,1000
SX185,prp,0,37,24,face_04,object_04,non-target,object,right,object_18,1.5,0.912229059046676,0.466,1.966,offset,1100
SX185,prp,0,37,25,face_04,object_04,non-target,object,center,object_03,1.5,0.734285790747513,0.232,1.732,offset,1000
SX185,prp,0,37,26,face_04,object_04,target,face,left,face_04,0.5,1.01840998938146,0,0.5,offset,1000
SX185,prp,0,37,27,face_04,object_04,irrelevant,false_font,center,false_font_17,1.5,0.76028660261716,0.466,0.466,onset,1100
SX185,prp,0,37,28,face_04,object_04,target,face,right,face_04,0.5,0.942423542800638,0.116,0.116,onset,1000
SX185,prp,0,37,29,face_04,object_04,non-target,face,right,face_16,0.5,1.63909374895866,0,0,onset,1000
SX185,prp,0,37,30,face_04,object_04,irrelevant,letter,center,letter_05,1,1.39468381681142,0.232,1.232,offset,1100
SX185,prp,0,37,31,face_04,object_04,irrelevant,letter,left,letter_03,1,1.23416181770881,0.466,1.466,offset,1100
SX185,prp,0,37,32,face_04,object_04,non-target,object,center,object_06,1,1.04508254735175,0,0,onset,1100
SX185,prp,0,37,33,face_04,object_04,irrelevant,letter,right,letter_01,1.5,1.78940274248403,0.116,1.616,offset,1000
SX185,prp,0,37,34,face_04,object_04,irrelevant,false_font,left,false_font_13,0.5,1.31361823048416,0,0.5,offset,1100
SX185,prp,0,37,35,face_04,object_04,irrelevant,letter,center,letter_19,1.5,1.68062913911354,0.116,0.116,onset,1000
SX185,prp,0,37,36,face_04,object_04,irrelevant,false_font,center,false_font_16,1,1.18154610654138,0.116,1.116,offset,1000
SX185,prp,0,38,1,face_13,object_01,irrelevant,false_font,center,false_font_03,1,0.957237641374951,0,0,onset,1000
SX185,prp,0,38,2,face_13,object_01,irrelevant,letter,center,letter_19,1,1.42771080522446,0,0,onset,1000
SX185,prp,0,38,3,face_13,object_01,non-target,object,center,object_17,0.5,1.17960234071924,0.232,0.232,onset,1000
SX185,prp,0,38,4,face_13,object_01,irrelevant,false_font,center,false_font_01,1,1.86346743403849,0,1,offset,1100
SX185,prp,0,38,5,face_13,object_01,non-target,object,left,object_14,1,1.65814628500933,0,1,offset,1100
SX185,prp,0,38,6,face_13,object_01,non-target,object,center,object_16,1.5,1.19094363554644,0.116,0.116,onset,1100
SX185,prp,0,38,7,face_13,object_01,irrelevant,false_font,right,false_font_13,0.5,0.803396085378449,0.232,0.732,offset,1000
SX185,prp,0,38,8,face_13,object_01,non-target,object,right,object_08,0.5,1.45826738110267,0.466,0.466,onset,1000
SX185,prp,0,38,9,face_13,object_01,non-target,object,right,object_13,0.5,1.32216488541044,0.232,0.232,onset,1000
SX185,prp,0,38,10,face_13,object_01,irrelevant,false_font,center,false_font_11,1.5,0.849961439498263,0,1.5,offset,1100
SX185,prp,0,38,11,face_13,object_01,irrelevant,letter,center,letter_04,0.5,0.802372069102087,0.232,0.232,onset,1000
SX185,prp,0,38,12,face_13,object_01,non-target,object,left,object_14,1.5,1.22216205393426,0,0,onset,1100
SX185,prp,0,38,13,face_13,object_01,non-target,face,center,face_11,0.5,0.950507195059034,0,0,onset,1000
SX185,prp,0,38,14,face_13,object_01,irrelevant,letter,center,letter_19,0.5,0.946194709303156,0.466,0.466,onset,1000
SX185,prp,0,38,15,face_13,object_01,irrelevant,letter,left,letter_18,0.5,0.866908079684246,0.466,0.466,onset,1000
SX185,prp,0,38,16,face_13,object_01,non-target,face,left,face_05,0.5,0.755149704794263,0,0,onset,1100
SX185,prp,0,38,17,face_13,object_01,target,object,center,object_01,1.5,1.83709649735803,0.466,1.966,offset,1000
SX185,prp,0,38,18,face_13,object_01,non-target,face,left,face_20,0.5,1.43800459147494,0.466,0.966,offset,1100
SX185,prp,0,38,19,face_13,object_01,target,face,center,face_13,1.5,1.31225518556212,0.466,1.966,offset,1000
SX185,prp,0,38,20,face_13,object_01,non-target,face,right,face_19,1,1.00788296416857,0.466,1.466,offset,1100
SX185,prp,0,38,21,face_13,object_01,non-target,face,center,face_11,1,0.85818031597702,0.232,0.232,onset,1100
SX185,prp,0,38,22,face_13,object_01,non-target,object,right,object_06,1.5,1.71019137021831,0.232,0.232,onset,1000
SX185,prp,0,38,23,face_13,object_01,irrelevant,letter,left,letter_05,0.5,0.790581477546418,0.232,0.732,offset,1100
SX185,prp,0,38,24,face_13,object_01,irrelevant,letter,right,letter_11,1,1.18773550261606,0,1,offset,1000
SX185,prp,0,38,25,face_13,object_01,non-target,object,left,object_09,0.5,1.50798504426345,0.232,0.732,offset,1100
SX185,prp,0,38,26,face_13,object_01,irrelevant,false_font,right,false_font_17,1,1.66944881777577,0.116,1.116,offset,1000
SX185,prp,0,38,27,face_13,object_01,irrelevant,false_font,left,false_font_20,1.5,1.08048404730494,0.466,1.966,offset,1000
SX185,prp,0,38,28,face_13,object_01,non-target,object,right,object_09,1,1.97790971726102,0.116,1.116,offset,1000
SX185,prp,0,38,29,face_13,object_01,irrelevant,false_font,right,false_font_15,1.5,1.26207197469392,0.466,1.966,offset,1000
SX185,prp,0,38,30,face_13,object_01,irrelevant,letter,center,letter_04,0.5,1.25428938993539,0.466,0.966,offset,1000
SX185,prp,0,38,31,face_13,object_01,irrelevant,letter,left,letter_07,1.5,0.761680208841321,0.232,0.232,onset,1000
SX185,prp,0,38,32,face_13,object_01,non-target,object,center,object_08,1.5,0.758843630537241,0.116,0.116,onset,1000
SX185,prp,0,38,33,face_13,object_01,non-target,object,center,object_06,0.5,1.03277827976067,0.116,0.616,offset,1100
SX185,prp,0,38,34,face_13,object_01,irrelevant,false_font,center,false_font_04,1,1.92634412669356,0.232,1.232,offset,1100
SX185,prp,0,39,1,letter_09,false_font_15,irrelevant,face,center,face_09,1.5,1.42939106705924,0.466,0.466,onset,1100
SX185,prp,0,39,2,letter_09,false_font_15,irrelevant,object,center,object_05,0.5,1.90414757482755,0,0,onset,1000
SX185,prp,0,39,3,letter_09,false_font_15,non-target,letter,right,letter_11,1,1.31682107850972,0.116,1.116,offset,1000
SX185,prp,0,39,4,letter_09,false_font_15,non-target,false_font,left,false_font_02,0.5,1.65031922299519,0.116,0.616,offset,1100
SX185,prp,0,39,5,letter_09,false_font_15,non-target,false_font,left,false_font_13,0.5,1.02406526316541,0.466,0.966,offset,1000
SX185,prp,0,39,6,letter_09,false_font_15,irrelevant,face,center,face_09,1.5,1.5795400633964,0.116,0.116,onset,1100
SX185,prp,0,39,7,letter_09,false_font_15,irrelevant,face,center,face_02,1.5,1.5640060114296,0,1.5,offset,1100
SX185,prp,0,39,8,letter_09,false_font_15,non-target,letter,right,letter_03,1,1.23017185044569,0,0,onset,1100
SX185,prp,0,39,9,letter_09,false_font_15,non-target,letter,right,letter_06,0.5,0.729043977765434,0,0.5,offset,1100
SX185,prp,0,39,10,letter_09,false_font_15,target,letter,center,letter_09,0.5,1.65244665756101,0.466,0.466,onset,1100
SX185,prp,0,39,11,letter_09,false_font_15,irrelevant,face,right,face_02,1,1.35859474284601,0,1,offset,1000
SX185,prp,0,39,12,letter_09,false_font_15,irrelevant,face,center,face_06,1,1.47882638905453,0,1,offset,1100
SX185,prp,0,39,13,letter_09,false_font_15,irrelevant,object,center,object_06,1.5,0.715135401743693,0.232,0.232,onset,1000
SX185,prp,0,39,14,letter_09,false_font_15,non-target,letter,left,letter_10,1,1.12969501119546,0.466,1.466,offset,1000
SX185,prp,0,39,15,letter_09,false_font_15,non-target,false_font,center,false_font_18,1,0.988049001631885,0,1,offset,1000
SX185,prp,0,39,16,letter_09,false_font_15,irrelevant,face,right,face_01,1.5,1.92994253551492,0.232,0.232,onset,1100
SX185,prp,0,39,17,letter_09,false_font_15,irrelevant,face,left,face_01,0.5,1.79977510767256,0.116,0.616,offset,1000
SX185,prp,0,39,18,letter_09,false_font_15,target,letter,center,letter_09,1,1.38037545702021,0.116,1.116,offset,1100
SX185,prp,0,39,19,letter_09,false_font_15,non-target,false_font,left,false_font_06,1.5,1.21330804313643,0.232,1.732,offset,1000
SX185,prp,0,39,20,letter_09,false_font_15,irrelevant,object,center,object_03,1,1.99438379777558,0.232,0.232,onset,1000
SX185,prp,0,39,21,letter_09,false_font_15,non-target,letter,center,letter_11,1,1.64308990778465,0.116,1.116,offset,1100
SX185,prp,0,39,22,letter_09,false_font_15,irrelevant,object,right,object_03,1,0.869058581978672,0,1,offset,1100
SX185,prp,0,39,23,letter_09,false_font_15,target,false_font,center,false_font_15,1.5,0.977995037659099,0.116,1.616,offset,1100
SX185,prp,0,39,24,letter_09,false_font_15,irrelevant,face,center,face_08,1,0.826453795765825,0.232,1.232,offset,1100
SX185,prp,0,39,25,letter_09,false_font_15,non-target,letter,left,letter_19,0.5,1.55921784515981,0.466,0.466,onset,1000
SX185,prp,0,39,26,letter_09,false_font_15,irrelevant,face,right,face_15,1,0.948712254783058,0.466,0.466,onset,1100
SX185,prp,0,39,27,letter_09,false_font_15,target,false_font,center,false_font_15,0.5,1.68077621025932,0.466,0.466,onset,1000
SX185,prp,0,39,28,letter_09,false_font_15,non-target,letter,left,letter_12,1,1.23309392925215,0.232,0.232,onset,1000
SX185,prp,0,39,29,letter_09,false_font_15,irrelevant,face,center,face_04,1,1.59169106106086,0.466,0.466,onset,1100
SX185,prp,0,39,30,letter_09,false_font_15,non-target,false_font,center,false_font_09,1.5,1.15997289055467,0.116,1.616,offset,1000
SX185,prp,0,39,31,letter_09,false_font_15,irrelevant,face,center,face_11,1.5,0.820969107271202,0.466,1.966,offset,1100
SX185,prp,0,39,32,letter_09,false_font_15,non-target,letter,left,letter_11,1.5,0.753625943793023,0.232,0.232,onset,1100
SX185,prp,0,39,33,letter_09,false_font_15,non-target,false_font,center,false_font_20,0.5,0.707987458934891,0.116,0.116,onset,1000
SX185,prp,0,39,34,letter_09,false_font_15,irrelevant,object,center,object_10,0.5,0.790826731201409,0.116,0.116,onset,1000
SX185,prp,0,39,35,letter_09,false_font_15,non-target,letter,left,letter_06,0.5,1.15418422539665,0.232,0.232,onset,1100
SX185,prp,0,39,36,letter_09,false_font_15,non-target,false_font,left,false_font_06,0.5,0.895961445309651,0.232,0.732,offset,1100
SX185,prp,0,40,1,letter_07,false_font_04,irrelevant,object,left,object_13,1,1.67915935658541,0,1,offset,1100
SX185,prp,0,40,2,letter_07,false_font_04,target,letter,left,letter_07,1,1.41340840453846,0,1,offset,1100
SX185,prp,0,40,3,letter_07,false_font_04,non-target,letter,left,letter_15,0.5,1.02282149974914,0.232,0.732,offset,1100
SX185,prp,0,40,4,letter_07,false_font_04,irrelevant,face,center,face_15,0.5,1.74831018727415,0.232,0.232,onset,1100
SX185,prp,0,40,5,letter_07,false_font_04,irrelevant,object,center,object_20,0.5,1.80872859215796,0.232,0.232,onset,1100
SX185,prp,0,40,6,letter_07,false_font_04,non-target,letter,center,letter_12,1,1.40723634786601,0.466,0.466,onset,1000
SX185,prp,0,40,7,letter_07,false_font_04,target,false_font,left,false_font_04,1.5,1.40788528001962,0.232,1.732,offset,1000
SX185,prp,0,40,8,letter_07,false_font_04,irrelevant,object,center,object_08,1.5,1.40719038806603,0.466,0.466,onset,1000
SX185,prp,0,40,9,letter_07,false_font_04,irrelevant,object,right,object_07,0.5,1.01441159462303,0.466,0.966,offset,1000
SX185,prp,0,40,10,letter_07,false_font_04,non-target,false_font,center,false_font_03,1.5,0.967200172247384,0.116,0.116,onset,1000
SX185,prp,0,40,11,letter_07,false_font_04,irrelevant,face,center,face_10,1.5,0.714134646378987,0.466,1.966,offset,1000
SX185,prp,0,40,12,letter_07,false_font_04,non-target,false_font,center,false_font_11,1,1.366334108011,0.466,0.466,onset,1000
SX185,prp,0,40,13,letter_07,false_font_04,non-target,letter,right,letter_01,1,0.779848642045746,0,1,offset,1100
SX185,prp,0,40,14,letter_07,false_font_04,non-target,letter,left,letter_05,1.5,0.720661602880269,0,1.5,offset,1100
SX185,prp,0,40,15,letter_07,false_font_04,non-target,letter,left,letter_11,0.5,1.46542193972838,0.116,0.616,offset,1100
SX185,prp,0,40,16,letter_07,false_font_04,target,false_font,center,false_font_04,1,1.5460723720343,0.232,1.232,offset,1100
SX185,prp,0,40,17,letter_07,false_font_04,irrelevant,face,right,face_03,1.5,1.33230689978409,0,1.5,offset,1000
SX185,prp,0,40,18,letter_07,false_font_04,non-target,false_font,right,false_font_19,1.5,1.7632795673674,0.116,1.616,offset,1000
SX185,prp,0,40,19,letter_07,false_font_04,irrelevant,object,right,object_08,0.5,1.23067501999481,0.232,0.232,onset,1000
SX185,prp,0,40,20,letter_07,false_font_04,irrelevant,face,center,face_16,0.5,1.04851575717328,0.116,0.616,offset,1000
SX185,prp,0,40,21,letter_07,false_font_04,irrelevant,object,left,object_19,1,1.02427615404121,0.116,0.116,onset,1000
SX185,prp,0,40,22,letter_07,false_font_04,non-target,false_font,right,false_font_20,0.5,1.36526403888602,0.232,0.732,offset,1000
SX185,prp,0,40,23,letter_07,false_font_04,non-target,letter,left,letter_16,1.5,0.706991074477872,0,1.5,offset,1000
SX185,prp,0,40,24,letter_07,false_font_04,irrelevant,face,left,face_03,1,1.18043437846811,0.466,1.466,offset,1100
SX185,prp,0,40,25,letter_07,false_font_04,non-target,false_font,center,false_font_16,0.5,1.40461507144945,0,0.5,offset,1000
SX185,prp,0,40,26,letter_07,false_font_04,non-target,false_font,center,false_font_15,1.5,1.22529737220972,0.466,0.466,onset,1000
SX185,prp,0,40,27,letter_07,false_font_04,irrelevant,object,left,object_04,1.5,0.901682057584404,0,0,onset,1100
SX185,prp,0,40,28,letter_07,false_font_04,irrelevant,face,center,face_01,0.5,1.35531833183489,0.466,0.466,onset,1100
SX185,prp,0,40,29,letter_07,false_font_04,non-target,false_font,right,false_font_19,0.5,1.09615198253311,0,0.5,offset,1000
SX185,prp,0,40,30,letter_07,false_font_04,irrelevant,face,right,face_01,0.5,1.68984874485262,0,0,onset,1000
SX185,prp,0,40,31,letter_07,false_font_04,irrelevant,object,right,object_01,0.5,0.777941208454004,0.232,0.232,onset,1100
SX185,prp,0,40,32,letter_07,false_font_04,non-target,false_font,left,false_font_07,1,0.763203252497916,0.466,1.466,offset,1100
SX185,prp,0,40,33,letter_07,false_font_04,non-target,letter,center,letter_16,1,0.759438827417811,0,1,offset,1000
SX185,prp,0,40,34,letter_07,false_font_04,non-target,letter,right,letter_12,1,1.82613961935059,0.116,0.116,onset,1000
SX185,prp,0,40,35,letter_07,false_font_04,irrelevant,object,center,object_12,0.5,0.751321474474156,0.232,0.732,offset,1100
SX185,prp,0,41,1,letter_03,false_font_16,irrelevant,object,center,object_11,1,0.999569102931546,0.116,1.116,offset,1000
SX185,prp,0,41,2,letter_03,false_font_16,non-target,letter,center,letter_10,1,0.823535835217669,0,0,onset,1000
SX185,prp,0,41,3,letter_03,false_font_16,non-target,false_font,center,false_font_13,1,1.40185005327585,0.116,0.116,onset,1100
SX185,prp,0,41,4,letter_03,false_font_16,irrelevant,face,center,face_02,1,1.24176401093815,0,1,offset,1000
SX185,prp,0,41,5,letter_03,false_font_16,non-target,false_font,left,false_font_01,0.5,1.13347752143169,0,0.5,offset,1100
SX185,prp,0,41,6,letter_03,false_font_16,irrelevant,object,right,object_16,1.5,0.723075613205736,0.232,0.232,onset,1000
SX185,prp,0,41,7,letter_03,false_font_16,irrelevant,object,center,object_06,1.5,1.86850154221636,0.466,1.966,offset,1000
SX185,prp,0,41,8,letter_03,false_font_16,irrelevant,face,right,face_19,0.5,0.878223035639357,0,0.5,offset,1000
SX185,prp,0,41,9,letter_03,false_font_16,irrelevant,object,center,object_18,1.5,0.79919282993491,0.232,1.732,offset,1000
SX185,prp,0,41,10,letter_03,false_font_16,non-target,false_font,right,false_font_17,0.5,0.873780168666004,0.466,0.966,offset,1100
SX185,prp,0,41,11,letter_03,false_font_16,target,false_font,left,false_font_16,0.5,1.4979730530269,0.116,0.616,offset,1000
SX185,prp,0,41,12,letter_03,false_font_16,target,letter,center,letter_03,1,1.26591373110601,0.232,1.232,offset,1000
SX185,prp,0,41,13,letter_03,false_font_16,non-target,false_font,center,false_font_12,0.5,0.802803384545284,0.466,0.466,onset,1000
SX185,prp,0,41,14,letter_03,false_font_16,irrelevant,object,left,object_04,1,1.00572509752232,0.116,0.116,onset,1100
SX185,prp,0,41,15,letter_03,false_font_16,non-target,false_font,left,false_font_11,0.5,1.20285628417751,0.232,0.732,offset,1100
SX185,prp,0,41,16,letter_03,false_font_16,target,false_font,right,false_font_16,1,0.741232829717253,0.466,0.466,onset,1000
SX185,prp,0,41,17,letter_03,false_font_16,non-target,false_font,center,false_font_15,1.5,0.806695158297575,0.116,0.116,onset,1100
SX185,prp,0,41,18,letter_03,false_font_16,non-target,false_font,left,false_font_01,1.5,1.17035951593989,0,0,onset,1000
SX185,prp,0,41,19,letter_03,false_font_16,target,letter,left,letter_03,1.5,1.94441637093705,0,1.5,offset,1100
SX185,prp,0,41,20,letter_03,false_font_16,irrelevant,face,center,face_08,0.5,1.38600819267601,0.232,0.732,offset,1100
SX185,prp,0,41,21,letter_03,false_font_16,non-target,letter,center,letter_12,1.5,1.64842472534725,0.232,1.732,offset,1100
SX185,prp,0,41,22,letter_03,false_font_16,non-target,false_font,right,false_font_10,1.5,1.1000738714718,0.232,0.232,onset,1100
SX185,prp,0,41,23,letter_03,false_font_16,non-target,letter,left,letter_05,1,0.975694334167888,0.116,0.116,onset,1000
SX185,prp,0,41,24,letter_03,false_font_16,irrelevant,object,center,object_09,1,1.62441117401743,0.232,1.232,offset,1100
SX185,prp,0,41,25,letter_03,false_font_16,non-target,false_font,left,false_font_15,1,0.919730023943958,0.232,0.232,onset,1000
SX185,prp,0,41,26,letter_03,false_font_16,non-target,false_font,center,false_font_01,1,1.81868912024395,0.232,1.232,offset,1100
SX185,prp,0,41,27,letter_03,false_font_16,non-target,letter,center,letter_08,1.5,1.0500493403098,0.232,0.232,onset,1000
SX185,prp,0,41,28,letter_03,false_font_16,irrelevant,face,center,face_06,1,1.83985879569683,0.116,1.116,offset,1000
SX185,prp,0,41,29,letter_03,false_font_16,target,letter,right,letter_03,0.5,0.989075617912436,0.466,0.466,onset,1100
SX185,prp,0,41,30,letter_03,false_font_16,irrelevant,object,left,object_05,1,1.34040477348072,0,1,offset,1000
SX185,prp,0,41,31,letter_03,false_font_16,irrelevant,object,right,object_09,0.5,0.94109812375226,0,0.5,offset,1100
SX185,prp,0,41,32,letter_03,false_font_16,non-target,letter,center,letter_09,1,0.916140574709612,0.466,0.466,onset,1000
SX185,prp,0,41,33,letter_03,false_font_16,irrelevant,object,left,object_09,1,1.00454614607573,0.232,1.232,offset,1100
SX185,prp,0,41,34,letter_03,false_font_16,non-target,false_font,left,false_font_09,1.5,1.79961856961819,0.232,1.732,offset,1100
SX185,prp,0,41,35,letter_03,false_font_16,irrelevant,face,center,face_20,0.5,0.804112694557255,0,0,onset,1000
SX185,prp,0,41,36,letter_03,false_font_16,irrelevant,object,center,object_01,0.5,1.39170628052383,0.232,0.232,onset,1100
SX185,prp,0,41,37,letter_03,false_font_16,irrelevant,face,center,face_12,1,1.62533758707298,0.232,0.232,onset,1000
SX185,prp,0,42,1,letter_17,false_font_05,irrelevant,object,left,object_12,0.5,1.07584946200458,0,0.5,offset,1000
SX185,prp,0,42,2,letter_17,false_font_05,non-target,letter,right,letter_18,1.5,1.74535884918467,0,0,onset,1000
SX185,prp,0,42,3,letter_17,false_font_05,target,letter,left,letter_17,1.5,1.83914502856815,0.466,0.466,onset,1000
SX185,prp,0,42,4,letter_17,false_font_05,non-target,letter,center,letter_06,1,1.16578631393379,0.232,0.232,onset,1000
SX185,prp,0,42,5,letter_17,false_font_05,non-target,letter,left,letter_09,0.5,1.04402245234267,0.232,0.732,offset,1000
SX185,prp,0,42,6,letter_17,false_font_05,irrelevant,object,center,object_13,0.5,1.25061068553103,0.116,0.116,onset,1100
SX185,prp,0,42,7,letter_17,false_font_05,non-target,letter,left,letter_08,0.5,1.17727073977304,0,0.5,offset,1000
SX185,prp,0,42,8,letter_17,false_font_05,irrelevant,face,center,face_08,1.5,1.89585228052427,0.116,1.616,offset,1100
SX185,prp,0,42,9,letter_17,false_font_05,irrelevant,face,center,face_10,0.5,1.29348021349064,0.466,0.466,onset,1100
SX185,prp,0,42,10,letter_17,false_font_05,non-target,false_font,left,false_font_09,0.5,1.62512849245986,0.116,0.116,onset,1100
SX185,prp,0,42,11,letter_17,false_font_05,non-target,false_font,right,false_font_08,0.5,1.11740393384856,0.116,0.616,offset,1000
SX185,prp,0,42,12,letter_17,false_font_05,non-target,false_font,left,false_font_06,1,0.792623485182489,0.116,0.116,onset,1000
SX185,prp,0,42,13,letter_17,false_font_05,irrelevant,face,left,face_10,1.5,0.842257300053589,0,1.5,offset,1000
SX185,prp,0,42,14,letter_17,false_font_05,irrelevant,object,left,object_18,1.5,1.35717212034997,0.466,0.466,onset,1100
SX185,prp,0,42,15,letter_17,false_font_05,irrelevant,object,center,object_18,0.5,1.98628965966772,0,0.5,offset,1000
SX185,prp,0,42,16,letter_17,false_font_05,non-target,letter,left,letter_09,1.5,1.54668495050978,0.466,0.466,onset,1100
SX185,prp,0,42,17,letter_17,false_font_05,irrelevant,object,left,object_16,1.5,1.83606278681431,0,1.5,offset,1000
SX185,prp,0,42,18,letter_17,false_font_05,non-target,false_font,right,false_font_02,0.5,1.18168058994099,0,0.5,offset,1100
SX185,prp,0,42,19,letter_17,false_font_05,target,false_font,left,false_font_05,1.5,1.63975914381194,0.116,0.116,onset,1000
SX185,prp,0,42,20,letter_17,false_font_05,irrelevant,face,right,face_07,1,0.873211411450069,0.232,1.232,offset,1100
SX185,prp,0,42,21,letter_17,false_font_05,non-target,false_font,center,false_font_16,1,1.01222842930345,0.116,1.116,offset,1000
SX185,prp,0,42,22,letter_17,false_font_05,non-target,false_font,left,false_font_04,0.5,0.857960628361707,0.232,0.232,onset,1000
SX185,prp,0,42,23,letter_17,false_font_05,irrelevant,face,right,face_16,1,0.705296474088409,0.116,0.116,onset,1000
SX185,prp,0,42,24,letter_17,false_font_05,irrelevant,face,center,face_19,1.5,1.20037151500093,0.232,0.232,onset,1000
SX185,prp,0,42,25,letter_17,false_font_05,irrelevant,face,center,face_14,1,1.69477910387878,0.466,0.466,onset,1100
SX185,prp,0,42,26,letter_17,false_font_05,non-target,false_font,center,false_font_08,0.5,1.23638071345443,0,0,onset,1000
SX185,prp,0,42,27,letter_17,false_font_05,irrelevant,face,center,face_02,1,1.57316322697236,0.232,1.232,offset,1000
SX185,prp,0,42,28,letter_17,false_font_05,non-target,false_font,center,false_font_11,1,0.74678265954737,0.466,1.466,offset,1100
SX185,prp,0,42,29,letter_17,false_font_05,irrelevant,object,center,object_14,0.5,1.29231734437691,0,0,onset,1100
SX185,prp,0,42,30,letter_17,false_font_05,non-target,false_font,center,false_font_17,1.5,1.73423334016727,0.232,1.732,offset,1000
SX185,prp,0,42,31,letter_17,false_font_05,irrelevant,face,center,face_07,1,1.16120669786662,0.116,0.116,onset,1100
SX185,prp,0,42,32,letter_17,false_font_05,irrelevant,object,center,object_19,1.5,1.68455410686363,0.466,1.966,offset,1000
SX185,prp,0,42,33,letter_17,false_font_05,non-target,false_font,right,false_font_06,0.5,0.907924202426311,0.232,0.732,offset,1100
SX185,prp,0,42,34,letter_17,false_font_05,non-target,false_font,left,false_font_12,1,1.68343991552918,0.466,0.466,onset,1100
SX185,prp,0,43,1,face_17,object_08,non-target,face,left,face_08,1,1.15174706135901,0.232,1.232,offset,1100
SX185,prp,0,43,2,face_17,object_08,non-target,face,left,face_19,0.5,1.89113895627272,0.232,0.732,offset,1100
SX185,prp,0,43,3,face_17,object_08,non-target,object,right,object_14,1,1.80272670575897,0.466,0.466,onset,1000
SX185,prp,0,43,4,face_17,object_08,irrelevant,false_font,left,false_font_01,1.5,1.13672966771784,0.232,1.732,offset,1000
SX185,prp,0,43,5,face_17,object_08,target,face,center,face_17,0.5,0.939151772757516,0.116,0.116,onset,1100
SX185,prp,0,43,6,face_17,object_08,non-target,face,right,face_07,1.5,1.31772409320424,0,1.5,offset,1000
SX185,prp,0,43,7,face_17,object_08,irrelevant,letter,left,letter_20,1.5,1.26913911251093,0.232,0.232,onset,1100
SX185,prp,0,43,8,face_17,object_08,irrelevant,letter,left,letter_17,1.5,0.779137160909369,0.466,1.966,offset,1000
SX185,prp,0,43,9,face_17,object_08,target,object,center,object_08,1.5,1.61457081728189,0.466,1.966,offset,1000
SX185,prp,0,43,10,face_17,object_08,irrelevant,letter,center,letter_02,1.5,1.46377294570061,0.466,0.466,onset,1000
SX185,prp,0,43,11,face_17,object_08,irrelevant,false_font,right,false_font_10,0.5,1.32171577981481,0.466,0.966,offset,1000
SX185,prp,0,43,12,face_17,object_08,irrelevant,letter,right,letter_15,0.5,1.17315531030828,0,0.5,offset,1100
SX185,prp,0,43,13,face_17,object_08,non-target,face,left,face_08,0.5,1.18414515323594,0.466,0.466,onset,1000
SX185,prp,0,43,14,face_17,object_08,non-target,object,center,object_18,0.5,1.1836952827162,0.232,0.732,offset,1000
SX185,prp,0,43,15,face_17,object_08,irrelevant,letter,right,letter_12,0.5,0.914988933541953,0.232,0.732,offset,1100
SX185,prp,0,43,16,face_17,object_08,non-target,face,left,face_11,1,0.984196935478959,0,0,onset,1100
SX185,prp,0,43,17,face_17,object_08,target,face,left,face_17,0.5,1.63751747665738,0.466,0.466,onset,1000
SX185,prp,0,43,18,face_17,object_08,irrelevant,false_font,left,false_font_03,1,0.897732958472254,0.232,0.232,onset,1100
SX185,prp,0,43,19,face_17,object_08,non-target,face,center,face_06,0.5,1.23128422916314,0.116,0.116,onset,1000
SX185,prp,0,43,20,face_17,object_08,target,object,right,object_08,0.5,1.05189567448105,0.232,0.732,offset,1000
SX185,prp,0,43,21,face_17,object_08,irrelevant,false_font,left,false_font_19,1.5,1.16144977438628,0,1.5,offset,1100
SX185,prp,0,43,22,face_17,object_08,irrelevant,letter,center,letter_10,0.5,1.76226530831294,0.232,0.232,onset,1100
SX185,prp,0,43,23,face_17,object_08,irrelevant,false_font,center,false_font_01,0.5,1.0380066808838,0.116,0.116,onset,1000
SX185,prp,0,43,24,face_17,object_08,non-target,object,center,object_13,1,1.06544624279555,0.116,0.116,onset,1000
SX185,prp,0,43,25,face_17,object_08,irrelevant,letter,center,letter_08,1,0.975105611150978,0.232,0.232,onset,1100
SX185,prp,0,43,26,face_17,object_08,irrelevant,letter,left,letter_19,1.5,1.60116700839589,0.466,0.466,onset,1000
SX185,prp,0,43,27,face_17,object_08,non-target,object,right,object_13,1.5,1.64955939006343,0.116,1.616,offset,1100
SX185,prp,0,43,28,face_17,object_08,non-target,object,center,object_03,0.5,1.54657895486564,0,0,onset,1000
SX185,prp,0,43,29,face_17,object_08,target,face,left,face_17,1,1.43459073375131,0.232,0.232,onset,1000
SX185,prp,0,43,30,face_17,object_08,non-target,face,center,face_18,0.5,1.76160599294248,0.232,0.732,offset,1100
SX185,prp,0,43,31,face_17,object_08,non-target,object,center,object_05,0.5,0.821915458579275,0.232,0.232,onset,1100
SX185,prp,0,43,32,face_17,object_08,non-target,face,center,face_06,1.5,0.909951721891812,0.232,0.232,onset,1000
SX185,prp,0,43,33,face_17,object_08,irrelevant,letter,center,letter_06,1.5,1.30478825188815,0.466,1.966,offset,1000
SX185,prp,0,43,34,face_17,object_08,non-target,object,center,object_13,0.5,1.76928920819852,0.232,0.232,onset,1000
SX185,prp,0,43,35,face_17,object_08,irrelevant,false_font,left,false_font_11,1.5,1.16167354839809,0.116,0.116,onset,1000
SX185,prp,0,43,36,face_17,object_08,non-target,face,center,face_07,0.5,0.707677284118208,0.116,0.116,onset,1000
SX185,prp,0,43,37,face_17,object_08,irrelevant,letter,center,letter_15,1.5,1.62882267666355,0.466,0.466,onset,1100
SX185,prp,0,44,1,face_17,object_16,irrelevant,false_font,center,false_font_20,1,0.864390122601644,0.466,1.466,offset,1100
SX185,prp,0,44,2,face_17,object_16,non-target,face,center,face_14,1.5,1.30771042926059,0.466,0.466,onset,1100
SX185,prp,0,44,3,face_17,object_16,non-target,object,right,object_11,0.5,1.78956253380239,0,0.5,offset,1100
SX185,prp,0,44,4,face_17,object_16,non-target,object,left,object_05,1,0.846308123280908,0.116,1.116,offset,1100
SX185,prp,0,44,5,face_17,object_16,non-target,face,center,face_08,1.5,1.10057593538322,0,0,onset,1000
SX185,prp,0,44,6,face_17,object_16,irrelevant,false_font,center,false_font_06,0.5,1.26775903407973,0.466,0.466,onset,1100
SX185,prp,0,44,7,face_17,object_16,irrelevant,false_font,center,false_font_10,1.5,1.68168558289194,0.232,0.232,onset,1000
SX185,prp,0,44,8,face_17,object_16,non-target,face,center,face_03,1,0.846782446179465,0.466,1.466,offset,1000
SX185,prp,0,44,9,face_17,object_16,irrelevant,false_font,right,false_font_16,1.5,1.48202873552067,0.466,1.966,offset,1100
SX185,prp,0,44,10,face_17,object_16,target,object,center,object_16,0.5,1.64752278975611,0,0.5,offset,1000
SX185,prp,0,44,11,face_17,object_16,irrelevant,letter,right,letter_08,0.5,1.11986606742864,0.232,0.232,onset,1100
SX185,prp,0,44,12,face_17,object_16,non-target,object,left,object_01,1.5,1.42113252718492,0.116,0.116,onset,1000
SX185,prp,0,44,13,face_17,object_16,irrelevant,false_font,center,false_font_15,1,1.97564686466908,0.466,0.466,onset,1000
SX185,prp,0,44,14,face_17,object_16,non-target,face,center,face_19,1.5,1.17319198414578,0.232,0.232,onset,1100
SX185,prp,0,44,15,face_17,object_16,irrelevant,letter,center,letter_16,1,1.15558017035434,0,1,offset,1100
SX185,prp,0,44,16,face_17,object_16,non-target,face,center,face_06,1,0.765933334122124,0.232,0.232,onset,1000
SX185,prp,0,44,17,face_17,object_16,irrelevant,false_font,right,false_font_20,1,1.48185258883202,0,1,offset,1100
SX185,prp,0,44,18,face_17,object_16,target,face,right,face_17,1,0.736501211688173,0.466,0.466,onset,1000
SX185,prp,0,44,19,face_17,object_16,irrelevant,letter,left,letter_01,1.5,0.814926577175391,0,1.5,offset,1100
SX185,prp,0,44,20,face_17,object_16,target,object,right,object_16,0.5,1.02737133822771,0.116,0.116,onset,1100
SX185,prp,0,44,21,face_17,object_16,non-target,object,center,object_20,0.5,1.10701680312603,0.232,0.232,onset,1100
SX185,prp,0,44,22,face_17,object_16,non-target,object,left,object_12,1,0.862769525982178,0.466,1.466,offset,1000
SX185,prp,0,44,23,face_17,object_16,non-target,object,left,object_11,1,0.745806672704751,0.232,1.232,offset,1100
SX185,prp,0,44,24,face_17,object_16,non-target,object,left,object_08,1.5,1.87756783521138,0.116,1.616,offset,1100
SX185,prp,0,44,25,face_17,object_16,irrelevant,letter,center,letter_03,1.5,1.27467775703363,0.466,1.966,offset,1100
SX185,prp,0,44,26,face_17,object_16,non-target,object,right,object_10,0.5,0.809836649999917,0.466,0.966,offset,1000
SX185,prp,0,44,27,face_17,object_16,irrelevant,false_font,center,false_font_12,1.5,1.10754469743315,0.116,0.116,onset,1000
SX185,prp,0,44,28,face_17,object_16,irrelevant,false_font,center,false_font_01,1.5,1.57121287387769,0.232,1.732,offset,1100
SX185,prp,0,44,29,face_17,object_16,non-target,face,center,face_04,0.5,1.1367751600563,0.232,0.232,onset,1000
SX185,prp,0,44,30,face_17,object_16,irrelevant,false_font,center,false_font_02,1,0.726983041249785,0.232,0.232,onset,1000
SX185,prp,0,44,31,face_17,object_16,non-target,face,center,face_06,1,1.64538142443172,0.466,0.466,onset,1100
SX185,prp,0,44,32,face_17,object_16,non-target,face,center,face_16,1.5,1.80214346207761,0.116,1.616,offset,1100
SX185,prp,0,44,33,face_17,object_16,irrelevant,false_font,left,false_font_08,1.5,1.20908563543424,0.232,1.732,offset,1100
SX185,prp,0,44,34,face_17,object_16,irrelevant,letter,right,letter_08,1,1.02970248547851,0.116,1.116,offset,1000
SX185,prp,0,44,35,face_17,object_16,irrelevant,false_font,right,false_font_10,1.5,1.56695250012105,0.116,0.116,onset,1100
SX185,prp,0,45,1,face_18,object_03,non-target,face,left,face_16,1,1.59575072598157,0.232,0.232,onset,1000
SX185,prp,0,45,2,face_18,object_03,irrelevant,letter,center,letter_03,0.5,0.895980200199561,0.116,0.116,onset,1000
SX185,prp,0,45,3,face_18,object_03,irrelevant,false_font,right,false_font_06,0.5,0.967417819447263,0.466,0.466,onset,1000
SX185,prp,0,45,4,face_18,object_03,irrelevant,letter,left,letter_01,1,0.993367187595515,0.466,1.466,offset,1100
SX185,prp,0,45,5,face_18,object_03,irrelevant,letter,right,letter_01,0.5,1.64974190479379,0.466,0.466,onset,1100
SX185,prp,0,45,6,face_18,object_03,non-target,face,right,face_08,1.5,1.24992205974524,0,0,onset,1000
SX185,prp,0,45,7,face_18,object_03,irrelevant,false_font,center,false_font_02,0.5,1.05709304212662,0.466,0.466,onset,1000
SX185,prp,0,45,8,face_18,object_03,irrelevant,false_font,center,false_font_12,1,1.84518263857511,0.116,0.116,onset,1100
SX185,prp,0,45,9,face_18,object_03,non-target,object,center,object_10,1,1.23811750734282,0.116,0.116,onset,1000
SX185,prp,0,45,10,face_18,object_03,non-target,face,right,face_20,0.5,0.994046829755743,0.232,0.232,onset,1100
SX185,prp,0,45,11,face_18,object_03,irrelevant,false_font,center,false_font_09,0.5,1.60937761444439,0,0.5,offset,1100
SX185,prp,0,45,12,face_18,object_03,target,face,right,face_18,1,1.69909669713083,0,0,onset,1100
SX185,prp,0,45,13,face_18,object_03,non-target,face,center,face_12,1,1.29770773366926,0.116,0.116,onset,1100
SX185,prp,0,45,14,face_18,object_03,non-target,object,left,object_16,0.5,0.994469631758066,0.116,0.116,onset,1100
SX185,prp,0,45,15,face_18,object_03,irrelevant,false_font,center,false_font_01,1,0.715261566781417,0,1,offset,1000
SX185,prp,0,45,16,face_18,object_03,irrelevant,letter,center,letter_15,1.5,1.25229425676854,0,1.5,offset,1100
SX185,prp,0,45,17,face_18,object_03,irrelevant,false_font,left,false_font_14,0.5,0.811751815810388,0.466,0.466,onset,1000
SX185,prp,0,45,18,face_18,object_03,target,face,left,face_18,1.5,1.30419211629102,0.232,0.232,onset,1000
SX185,prp,0,45,19,face_18,object_03,non-target,face,right,face_12,1.5,0.928151060439512,0.466,1.966,offset,1000
SX185,prp,0,45,20,face_18,object_03,irrelevant,false_font,right,false_font_02,1,1.34717298081634,0.116,1.116,offset,1000
SX185,prp,0,45,21,face_18,object_03,irrelevant,false_font,right,false_font_05,1,1.1833080334939,0.466,1.466,offset,1000
SX185,prp,0,45,22,face_18,object_03,non-target,face,right,face_19,0.5,1.51833074614739,0.232,0.732,offset,1100
SX185,prp,0,45,23,face_18,object_03,non-target,face,left,face_15,1,0.976336069100727,0,1,offset,1100
SX185,prp,0,45,24,face_18,object_03,non-target,object,center,object_13,1,1.64156261497709,0.466,1.466,offset,1000
SX185,prp,0,45,25,face_18,object_03,non-target,object,center,object_10,1,0.879221974431513,0.466,0.466,onset,1100
SX185,prp,0,45,26,face_18,object_03,irrelevant,false_font,center,false_font_06,1.5,0.853277859276194,0,1.5,offset,1000
SX185,prp,0,45,27,face_18,object_03,non-target,face,left,face_01,0.5,0.950353635292505,0.466,0.966,offset,1100
SX185,prp,0,45,28,face_18,object_03,target,object,right,object_03,0.5,0.803802628165835,0.116,0.116,onset,1000
SX185,prp,0,45,29,face_18,object_03,irrelevant,letter,left,letter_20,1,1.89899406717748,0.232,0.232,onset,1000
SX185,prp,0,45,30,face_18,object_03,non-target,face,right,face_11,1,0.702160551333024,0.232,1.232,offset,1000
SX185,prp,0,45,31,face_18,object_03,non-target,object,right,object_16,0.5,1.49646197073646,0.466,0.966,offset,1000
SX185,prp,0,45,32,face_18,object_03,non-target,object,center,object_09,1.5,1.20724805512688,0.232,0.232,onset,1000
SX185,prp,0,45,33,face_18,object_03,irrelevant,false_font,center,false_font_10,1,1.01681869357256,0,0,onset,1100
SX185,prp,0,45,34,face_18,object_03,non-target,object,right,object_14,1.5,0.888113569562688,0,1.5,offset,1000
SX185,prp,0,45,35,face_18,object_03,irrelevant,letter,center,letter_05,1,1.49367136260416,0,0,onset,1100
SX185,prp,0,46,1,face_07,object_15,non-target,object,right,object_20,0.5,1.33052189786613,0.466,0.966,offset,1100
SX185,prp,0,46,2,face_07,object_15,irrelevant,letter,center,letter_18,1,0.848997805657128,0.232,1.232,offset,1000
SX185,prp,0,46,3,face_07,object_15,non-target,face,left,face_16,1.5,0.808127617695832,0.232,1.732,offset,1100
SX185,prp,0,46,4,face_07,object_15,target,object,center,object_15,0.5,1.54237443340283,0,0.5,offset,1100
SX185,prp,0,46,5,face_07,object_15,non-target,face,right,face_02,0.5,0.896056259179346,0.466,0.966,offset,1100
SX185,prp,0,46,6,face_07,object_15,irrelevant,false_font,right,false_font_16,1,0.748233032539986,0,1,offset,1000
SX185,prp,0,46,7,face_07,object_15,irrelevant,false_font,center,false_font_10,0.5,1.25574380134493,0.232,0.232,onset,1100
SX185,prp,0,46,8,face_07,object_15,non-target,object,left,object_13,1.5,1.03806426054524,0.116,0.116,onset,1100
SX185,prp,0,46,9,face_07,object_15,irrelevant,letter,center,letter_06,1,1.94161476333387,0.466,0.466,onset,1100
SX185,prp,0,46,10,face_07,object_15,irrelevant,letter,left,letter_18,1,1.00685046568519,0.232,1.232,offset,1000
SX185,prp,0,46,11,face_07,object_15,irrelevant,false_font,left,false_font_20,0.5,1.25264650576377,0.232,0.732,offset,1100
SX185,prp,0,46,12,face_07,object_15,non-target,object,center,object_05,1.5,0.802638633564355,0.232,1.732,offset,1100
SX185,prp,0,46,13,face_07,object_15,target,object,center,object_15,0.5,1.5304676189918,0,0,onset,1000
SX185,prp,0,46,14,face_07,object_15,irrelevant,false_font,right,false_font_01,1,0.853100531716705,0.466,1.466,offset,1100
SX185,prp,0,46,15,face_07,object_15,irrelevant,false_font,center,false_font_19,1,0.954605511107542,0.116,0.116,onset,1000
SX185,prp,0,46,16,face_07,object_15,non-target,object,right,object_01,0.5,0.804927262334849,0.232,0.732,offset,1000
SX185,prp,0,46,17,face_07,object_15,irrelevant,false_font,center,false_font_16,0.5,1.54593496119052,0,0,onset,1000
SX185,prp,0,46,18,face_07,object_15,non-target,object,center,object_17,1,1.77198419158134,0.232,0.232,onset,1100
SX185,prp,0,46,19,face_07,object_15,irrelevant,false_font,right,false_font_11,0.5,0.912024761015321,0.232,0.732,offset,1000
SX185,prp,0,46,20,face_07,object_15,irrelevant,letter,left,letter_09,1.5,1.24262509270708,0.232,1.732,offset,1100
SX185,prp,0,46,21,face_07,object_15,non-target,face,right,face_02,1.5,0.819843542089434,0.232,1.732,offset,1000
SX185,prp,0,46,22,face_07,object_15,irrelevant,false_font,left,false_font_10,1,0.754568532935452,0.232,1.232,offset,1100
SX185,prp,0,46,23,face_07,object_15,irrelevant,letter,left,letter_10,0.5,1.75444492684312,0.116,0.616,offset,1100
SX185,prp,0,46,24,face_07,object_15,non-target,object,left,object_11,1.5,0.807734093610399,0.466,0.466,onset,1100
SX185,prp,0,46,25,face_07,object_15,non-target,object,center,object_11,1,1.4717605189092,0.116,0.116,onset,1100
SX185,prp,0,46,26,face_07,object_15,irrelevant,letter,center,letter_18,1,1.29201731370783,0.466,0.466,onset,1000
SX185,prp,0,46,27,face_07,object_15,non-target,object,left,object_12,1.5,1.44902094099254,0,0,onset,1000
SX185,prp,0,46,28,face_07,object_15,irrelevant,letter,center,letter_01,1.5,1.90587077066738,0.116,0.116,onset,1000
SX185,prp,0,46,29,face_07,object_15,target,face,center,face_07,1.5,1.33324620034489,0,1.5,offset,1000
SX185,prp,0,46,30,face_07,object_15,non-target,object,center,object_14,1,1.08949760437359,0.466,0.466,onset,1100
SX185,prp,0,46,31,face_07,object_15,non-target,object,center,object_04,1.5,1.15982532244792,0.466,0.466,onset,1100
SX185,prp,0,46,32,face_07,object_15,target,object,right,object_15,1,1.02230444692951,0.232,0.232,onset,1100
SX185,prp,0,46,33,face_07,object_15,non-target,object,center,object_01,0.5,1.32985744978873,0.116,0.116,onset,1100
SX185,prp,0,46,34,face_07,object_15,non-target,object,center,object_07,1,1.11588011934662,0.116,1.116,offset,1100
SX185,prp,0,46,35,face_07,object_15,irrelevant,letter,left,letter_02,1.5,1.21041571516862,0.232,1.732,offset,1000
SX185,prp,0,46,36,face_07,object_15,non-target,object,center,object_10,1.5,0.725628086015006,0.116,0.116,onset,1000
SX185,prp,0,47,1,letter_08,false_font_07,irrelevant,object,center,object_17,1,1.64709957004422,0.116,0.116,onset,1000
SX185,prp,0,47,2,letter_08,false_font_07,non-target,letter,right,letter_07,0.5,0.873957050446721,0,0,onset,1000
SX185,prp,0,47,3,letter_08,false_font_07,target,letter,right,letter_08,1.5,1.36051979005511,0.232,1.732,offset,1000
SX185,prp,0,47,4,letter_08,false_font_07,irrelevant,object,left,object_14,0.5,1.76540689206012,0,0,onset,1100
SX185,prp,0,47,5,letter_08,false_font_07,non-target,false_font,left,false_font_04,1,1.48292792154862,0.116,0.116,onset,1100
SX185,prp,0,47,6,letter_08,false_font_07,non-target,false_font,left,false_font_18,0.5,1.25131278540987,0,0.5,offset,1000
SX185,prp,0,47,7,letter_08,false_font_07,non-target,letter,right,letter_05,1,0.990784147878929,0.466,0.466,onset,1100
SX185,prp,0,47,8,letter_08,false_font_07,irrelevant,object,left,object_19,0.5,0.86496077027919,0.116,0.116,onset,1000
SX185,prp,0,47,9,letter_08,false_font_07,irrelevant,face,center,face_18,1.5,0.913519701310087,0.116,1.616,offset,1000
SX185,prp,0,47,10,letter_08,false_font_07,irrelevant,face,center,face_10,0.5,0.759984493359776,0.232,0.732,offset,1100
SX185,prp,0,47,11,letter_08,false_font_07,irrelevant,object,center,object_13,0.5,1.04700505680975,0.466,0.466,onset,1100
SX185,prp,0,47,12,letter_08,false_font_07,non-target,letter,center,letter_16,1,1.82801673776532,0.466,1.466,offset,1100
SX185,prp,0,47,13,letter_08,false_font_07,non-target,false_font,right,false_font_11,0.5,0.84128125562546,0.466,0.466,onset,1000
SX185,prp,0,47,14,letter_08,false_font_07,non-target,false_font,center,false_font_12,1.5,1.26431303550982,0.232,0.232,onset,1000
SX185,prp,0,47,15,letter_08,false_font_07,irrelevant,face,center,face_17,1.5,1.50735332950659,0.116,0.116,onset,1100
SX185,prp,0,47,16,letter_08,false_font_07,irrelevant,object,left,object_17,0.5,1.29842186181397,0.116,0.616,offset,1100
SX185,prp,0,47,17,letter_08,false_font_07,non-target,letter,left,letter_03,1,1.53434066013053,0,1,offset,1100
SX185,prp,0,47,18,letter_08,false_font_07,irrelevant,object,center,object_18,0.5,0.959465062050271,0.116,0.116,onset,1000
SX185,prp,0,47,19,letter_08,false_font_07,non-target,false_font,center,false_font_20,1.5,0.884658512175719,0.466,0.466,onset,1000
SX185,prp,0,47,20,letter_08,false_font_07,target,letter,center,letter_08,1,1.50227611158907,0.232,0.232,onset,1000
SX185,prp,0,47,21,letter_08,false_font_07,non-target,letter,left,letter_19,1,0.781557581899226,0.116,1.116,offset,1100
SX185,prp,0,47,22,letter_08,false_font_07,irrelevant,object,center,object_05,1,1.8932229682309,0,0,onset,1000
SX185,prp,0,47,23,letter_08,false_font_07,non-target,false_font,center,false_font_16,1.5,1.00882435848704,0.116,0.116,onset,1000
SX185,prp,0,47,24,letter_08,false_font_07,non-target,letter,center,letter_18,0.5,1.22629698746739,0,0,onset,1000
SX185,prp,0,47,25,letter_08,false_font_07,non-target,letter,right,letter_09,1,1.53493516348735,0,1,offset,1000
SX185,prp,0,47,26,letter_08,false_font_07,irrelevant,object,right,object_17,0.5,1.71772664713154,0.116,0.116,onset,1100
SX185,prp,0,47,27,letter_08,false_font_07,irrelevant,object,right,object_08,1,0.732327852861857,0.466,0.466,onset,1100
SX185,prp,0,47,28,letter_08,false_font_07,non-target,letter,center,letter_10,1.5,0.818145551364917,0.232,0.232,onset,1100
SX185,prp,0,47,29,letter_08,false_font_07,irrelevant,object,right,object_14,1.5,1.25605482045158,0.116,1.616,offset,1000
SX185,prp,0,47,30,letter_08,false_font_07,irrelevant,object,center,object_12,1,1.33311583892567,0.116,0.116,onset,1000
SX185,prp,0,47,31,letter_08,false_font_07,irrelevant,face,left,face_05,0.5,1.21640136761161,0.466,0.966,offset,1000
SX185,prp,0,47,32,letter_08,false_font_07,non-target,false_font,center,false_font_05,0.5,1.647147827977,0.232,0.232,onset,1100
SX185,prp,0,47,33,letter_08,false_font_07,target,false_font,center,false_font_07,0.5,1.00341451962106,0.466,0.966,offset,1000
SX185,prp,0,47,34,letter_08,false_font_07,irrelevant,face,center,face_15,1,0.993571089567452,0,1,offset,1100
SX185,prp,0,47,35,letter_08,false_font_07,non-target,false_font,center,false_font_08,0.5,0.753186992735015,0.232,0.732,offset,1000
SX185,prp,0,48,1,letter_04,false_font_13,target,false_font,center,false_font_13,1.5,1.18254989223193,0.466,0.466,onset,1100
SX185,prp,0,48,2,letter_04,false_font_13,irrelevant,object,right,object_09,1,1.05892510639818,0.232,0.232,onset,1000
SX185,prp,0,48,3,letter_04,false_font_13,irrelevant,object,left,object_02,1.5,1.11629918289132,0.232,1.732,offset,1100
SX185,prp,0,48,4,letter_04,false_font_13,irrelevant,object,left,object_08,0.5,0.775542588978501,0.232,0.732,offset,1000
SX185,prp,0,48,5,letter_04,false_font_13,irrelevant,object,right,object_04,1.5,1.8116722110264,0,1.5,offset,1000
SX185,prp,0,48,6,letter_04,false_font_13,non-target,false_font,center,false_font_12,1.5,1.36011312281743,0.232,1.732,offset,1000
SX185,prp,0,48,7,letter_04,false_font_13,target,letter,left,letter_04,1,1.72794773415926,0.466,1.466,offset,1000
SX185,prp,0,48,8,letter_04,false_font_13,non-target,false_font,left,false_font_08,1,0.759544092383888,0,1,offset,1100
SX185,prp,0,48,9,letter_04,false_font_13,irrelevant,face,right,face_20,1,0.807070868743963,0,0,onset,1100
SX185,prp,0,48,10,letter_04,false_font_13,irrelevant,face,center,face_17,0.5,1.16090317833439,0.466,0.466,onset,1000
SX185,prp,0,48,11,letter_04,false_font_13,target,letter,center,letter_04,1,0.753761997937044,0.466,0.466,onset,1100
SX185,prp,0,48,12,letter_04,false_font_13,irrelevant,face,right,face_08,1.5,1.87006662002616,0.232,1.732,offset,1000
SX185,prp,0,48,13,letter_04,false_font_13,irrelevant,object,right,object_03,0.5,1.14101954851882,0,0.5,offset,1000
SX185,prp,0,48,14,letter_04,false_font_13,irrelevant,face,center,face_04,1,1.13966468855159,0.466,0.466,onset,1000
SX185,prp,0,48,15,letter_04,false_font_13,non-target,letter,left,letter_13,0.5,0.990185567459347,0.116,0.116,onset,1000
SX185,prp,0,48,16,letter_04,false_font_13,non-target,letter,center,letter_14,1,1.9742229113473,0,1,offset,1100
SX185,prp,0,48,17,letter_04,false_font_13,irrelevant,face,right,face_20,0.5,1.07146554440763,0.232,0.232,onset,1100
SX185,prp,0,48,18,letter_04,false_font_13,irrelevant,face,center,face_11,0.5,1.32489704117328,0,0.5,offset,1000
SX185,prp,0,48,19,letter_04,false_font_13,irrelevant,face,left,face_12,1.5,1.03551447663065,0.232,0.232,onset,1100
SX185,prp,0,48,20,letter_04,false_font_13,non-target,false_font,left,false_font_07,1.5,0.912233687844916,0,1.5,offset,1100
SX185,prp,0,48,21,letter_04,false_font_13,non-target,letter,right,letter_18,0.5,1.73747097722307,0.232,0.232,onset,1000
SX185,prp,0,48,22,letter_04,false_font_13,non-target,false_font,center,false_font_19,1,0.778793028297058,0,0,onset,1000
SX185,prp,0,48,23,letter_04,false_font_13,irrelevant,object,center,object_02,1.5,0.979373936372812,0,0,onset,1000
SX185,prp,0,48,24,letter_04,false_font_13,non-target,false_font,right,false_font_04,0.5,1.42860820242641,0,0,onset,1100
SX185,prp,0,48,25,letter_04,false_font_13,non-target,false_font,right,false_font_15,0.5,1.28654175465042,0,0,onset,1000
SX185,prp,0,48,26,letter_04,false_font_13,non-target,false_font,left,false_font_16,1.5,1.92371477138369,0.466,1.966,offset,1100
SX185,prp,0,48,27,letter_04,false_font_13,non-target,letter,right,letter_11,0.5,1.88930119899358,0.116,0.616,offset,1100
SX185,prp,0,48,28,letter_04,false_font_13,non-target,false_font,right,false_font_15,1.5,1.63911568092481,0.232,1.732,offset,1000
SX185,prp,0,48,29,letter_04,false_font_13,non-target,letter,center,letter_19,0.5,0.735227926081577,0,0,onset,1100
SX185,prp,0,48,30,letter_04,false_font_13,non-target,letter,center,letter_09,1.5,1.90037324950581,0.232,0.232,onset,1100
SX185,prp,0,48,31,letter_04,false_font_13,non-target,false_font,center,false_font_10,0.5,0.811830174019076,0.232,0.232,onset,1100
SX185,prp,0,48,32,letter_04,false_font_13,irrelevant,object,left,object_17,1,1.12042833176189,0,1,offset,1100
SX185,prp,0,48,33,letter_04,false_font_13,irrelevant,object,left,object_07,0.5,1.14708086161319,0.116,0.616,offset,1000
SX185,prp,0,48,34,letter_04,false_font_13,irrelevant,face,center,face_10,1.5,1.35630585801565,0.116,1.616,offset,1000
SX185,prp,0,48,35,letter_04,false_font_13,non-target,letter,center,letter_19,0.5,0.738854682364181,0.466,0.466,onset,1000
SX185,prp,0,48,36,letter_04,false_font_13,target,letter,center,letter_04,0.5,1.42864566422298,0,0,onset,1100
SX185,prp,0,49,1,letter_16,false_font_08,irrelevant,face,left,face_04,1.5,1.16509906842145,0.116,1.616,offset,1000
SX185,prp,0,49,2,letter_16,false_font_08,irrelevant,object,center,object_19,0.5,0.724018958324965,0.116,0.616,offset,1100
SX185,prp,0,49,3,letter_16,false_font_08,irrelevant,object,center,object_20,1,0.81569513782278,0.466,0.466,onset,1000
SX185,prp,0,49,4,letter_16,false_font_08,non-target,letter,left,letter_02,1,1.19805921373508,0,1,offset,1000
SX185,prp,0,49,5,letter_16,false_font_08,irrelevant,face,left,face_12,1,1.25017536621535,0.116,1.116,offset,1000
SX185,prp,0,49,6,letter_16,false_font_08,irrelevant,face,center,face_12,0.5,0.91334433044886,0.232,0.732,offset,1000
SX185,prp,0,49,7,letter_16,false_font_08,non-target,false_font,center,false_font_13,1.5,1.86369137291191,0,1.5,offset,1000
SX185,prp,0,49,8,letter_16,false_font_08,non-target,false_font,center,false_font_20,1,0.999281819994761,0.466,0.466,onset,1100
SX185,prp,0,49,9,letter_16,false_font_08,non-target,false_font,right,false_font_17,1,0.946722677255637,0.466,1.466,offset,1100
SX185,prp,0,49,10,letter_16,false_font_08,non-target,false_font,left,false_font_17,1,1.47865796036392,0,0,onset,1000
SX185,prp,0,49,11,letter_16,false_font_08,irrelevant,face,right,face_03,0.5,1.88081387138923,0.116,0.616,offset,1000
SX185,prp,0,49,12,letter_16,false_font_08,non-target,letter,center,letter_03,1,0.714801521190248,0,0,onset,1000
SX185,prp,0,49,13,letter_16,false_font_08,target,letter,right,letter_16,0.5,1.4369235170637,0.466,0.466,onset,1100
SX185,prp,0,49,14,letter_16,false_font_08,non-target,letter,center,letter_19,1.5,1.69369370913196,0.116,0.116,onset,1100
SX185,prp,0,49,15,letter_16,false_font_08,non-target,letter,left,letter_20,1.5,1.01006170169157,0.116,1.616,offset,1100
SX185,prp,0,49,16,letter_16,false_font_08,irrelevant,object,center,object_09,1,1.20665474504487,0,0,onset,1000
SX185,prp,0,49,17,letter_16,false_font_08,irrelevant,object,center,object_13,1,1.138765242546,0.232,0.232,onset,1100
SX185,prp,0,49,18,letter_16,false_font_08,irrelevant,object,center,object_09,1.5,1.23935397044262,0.116,0.116,onset,1100
SX185,prp,0,49,19,letter_16,false_font_08,irrelevant,object,left,object_13,0.5,0.963687296438805,0.466,0.966,offset,1100
SX185,prp,0,49,20,letter_16,false_font_08,non-target,false_font,center,false_font_04,1.5,1.48484693093352,0.466,1.966,offset,1100
SX185,prp,0,49,21,letter_16,false_font_08,non-target,false_font,right,false_font_01,0.5,0.924929855172272,0.116,0.116,onset,1100
SX185,prp,0,49,22,letter_16,false_font_08,irrelevant,face,center,face_14,0.5,0.918995890898894,0,0.5,offset,1100
SX185,prp,0,49,23,letter_16,false_font_08,non-target,false_font,center,false_font_06,1.5,1.61223950175218,0.232,1.732,offset,1100
SX185,prp,0,49,24,letter_16,false_font_08,non-target,false_font,center,false_font_18,0.5,1.75045243043723,0.232,0.732,offset,1100
SX185,prp,0,49,25,letter_16,false_font_08,non-target,letter,right,letter_15,0.5,1.6743009438358,0.466,0.966,offset,1000
SX185,prp,0,49,26,letter_16,false_font_08,irrelevant,object,center,object_19,1,1.10243123516193,0.116,1.116,offset,1000
SX185,prp,0,49,27,letter_16,false_font_08,irrelevant,object,center,object_17,0.5,1.570795834812,0.116,0.116,onset,1000
SX185,prp,0,49,28,letter_16,false_font_08,non-target,false_font,right,false_font_16,0.5,1.36545476877295,0.232,0.732,offset,1000
SX185,prp,0,49,29,letter_16,false_font_08,non-target,letter,center,letter_07,0.5,1.58044977676728,0.116,0.116,onset,1000
SX185,prp,0,49,30,letter_16,false_font_08,irrelevant,face,left,face_09,1.5,1.31755574695891,0.232,0.232,onset,1000
SX185,prp,0,49,31,letter_16,false_font_08,irrelevant,face,center,face_03,1,1.6334941394187,0,0,onset,1100
SX185,prp,0,49,32,letter_16,false_font_08,irrelevant,object,center,object_14,0.5,1.46753168055049,0,0.5,offset,1100
SX185,prp,0,49,33,letter_16,false_font_08,target,false_font,right,false_font_08,1.5,1.36952135593953,0.116,1.616,offset,1000
SX185,prp,0,49,34,letter_16,false_font_08,non-target,letter,center,letter_06,1.5,1.52504335748194,0.466,0.466,onset,1000
SX185,prp,0,50,1,letter_09,false_font_16,irrelevant,face,left,face_20,1.5,1.45705521077042,0.466,0.466,onset,1100
SX185,prp,0,50,2,letter_09,false_font_16,irrelevant,face,right,face_12,1,1.45640991330652,0.116,0.116,onset,1100
SX185,prp,0,50,3,letter_09,false_font_16,irrelevant,face,center,face_13,1.5,1.60748755448318,0.466,0.466,onset,1000
SX185,prp,0,50,4,letter_09,false_font_16,irrelevant,object,center,object_04,1.5,1.52226738539068,0,0,onset,1100
SX185,prp,0,50,5,letter_09,false_font_16,irrelevant,face,left,face_15,0.5,1.11490303438729,0.116,0.616,offset,1100
SX185,prp,0,50,6,letter_09,false_font_16,non-target,letter,center,letter_13,1.5,0.939144162221522,0,0,onset,1100
SX185,prp,0,50,7,letter_09,false_font_16,non-target,letter,center,letter_04,0.5,0.998320072191436,0.116,0.116,onset,1100
SX185,prp,0,50,8,letter_09,false_font_16,irrelevant,object,left,object_01,1,1.63047364256092,0.232,1.232,offset,1100
SX185,prp,0,50,9,letter_09,false_font_16,irrelevant,face,center,face_05,1,1.36608340304078,0,0,onset,1000
SX185,prp,0,50,10,letter_09,false_font_16,non-target,false_font,right,false_font_11,1,1.01082809177005,0,0,onset,1100
SX185,prp,0,50,11,letter_09,false_font_16,irrelevant,face,center,face_13,1.5,0.926285766790089,0.466,0.466,onset,1100
SX185,prp,0,50,12,letter_09,false_font_16,irrelevant,object,center,object_06,0.5,1.07588587306446,0.232,0.232,onset,1000
SX185,prp,0,50,13,letter_09,false_font_16,non-target,letter,center,letter_11,1.5,1.41037924719616,0.116,0.116,onset,1000
SX185,prp,0,50,14,letter_09,false_font_16,non-target,letter,center,letter_11,1.5,0.717866304581674,0.466,1.966,offset,1100
SX185,prp,0,50,15,letter_09,false_font_16,non-target,false_font,center,false_font_04,1.5,1.08947917821656,0,0,onset,1000
SX185,prp,0,50,16,letter_09,false_font_16,irrelevant,face,center,face_04,0.5,0.714913384573485,0.116,0.116,onset,1100
SX185,prp,0,50,17,letter_09,false_font_16,target,false_font,right,false_font_16,0.5,1.02299904042282,0.116,0.116,onset,1100
SX185,prp,0,50,18,letter_09,false_font_16,irrelevant,face,left,face_04,0.5,1.65996904787088,0.466,0.966,offset,1100
SX185,prp,0,50,19,letter_09,false_font_16,target,letter,center,letter_09,0.5,1.1044720038387,0,0.5,offset,1000
SX185,prp,0,50,20,letter_09,false_font_16,non-target,false_font,left,false_font_10,0.5,1.34006885505538,0.232,0.732,offset,1000
SX185,prp,0,50,21,letter_09,false_font_16,non-target,letter,right,letter_19,1.5,1.45839821833334,0.466,1.966,offset,1100
SX185,prp,0,50,22,letter_09,false_font_16,irrelevant,object,center,object_12,1.5,1.23858367828207,0.116,0.116,onset,1000
SX185,prp,0,50,23,letter_09,false_font_16,non-target,false_font,right,false_font_10,1,1.35863227572246,0,1,offset,1000
SX185,prp,0,50,24,letter_09,false_font_16,non-target,letter,left,letter_17,1,0.732805079470637,0.232,0.232,onset,1100
SX185,prp,0,50,25,letter_09,false_font_16,non-target,letter,center,letter_05,0.5,1.31926469560467,0.232,0.232,onset,1000
SX185,prp,0,50,26,letter_09,false_font_16,target,false_font,center,false_font_16,0.5,0.72274670873294,0,0.5,offset,1000
SX185,prp,0,50,27,letter_09,false_font_16,target,letter,center,letter_09,0.5,1.53781520540935,0.116,0.116,onset,1000
SX185,prp,0,50,28,letter_09,false_font_16,irrelevant,face,center,face_09,1,0.752807437976877,0,0,onset,1100
SX185,prp,0,50,29,letter_09,false_font_16,non-target,letter,center,letter_12,0.5,0.960633323345965,0.116,0.616,offset,1000
SX185,prp,0,50,30,letter_09,false_font_16,target,false_font,right,false_font_16,1.5,1.29928687918221,0.116,0.116,onset,1100
SX185,prp,0,50,31,letter_09,false_font_16,irrelevant,face,right,face_11,0.5,0.846236291455418,0.116,0.116,onset,1000
SX185,prp,0,50,32,letter_09,false_font_16,irrelevant,face,center,face_16,1.5,1.64425760061741,0,0,onset,1000
SX185,prp,0,50,33,letter_09,false_font_16,non-target,false_font,right,false_font_05,1,0.747817763654259,0.466,0.466,onset,1000
SX185,prp,0,50,34,letter_09,false_font_16,non-target,false_font,center,false_font_06,0.5,1.18762343033087,0.466,0.466,onset,1000
SX185,prp,0,50,35,letter_09,false_font_16,irrelevant,face,right,face_17,0.5,1.05078467971423,0.116,0.616,offset,1100
SX185,prp,0,50,36,letter_09,false_font_16,non-target,letter,right,letter_06,1.5,0.758657641890019,0.116,1.616,offset,1000
SX185,prp,0,50,37,letter_09,false_font_16,non-target,letter,center,letter_20,1.5,0.723049363992901,0,1.5,offset,1100
SX185,prp,0,51,1,face_16,object_20,non-target,object,center,object_18,1,1.78073742192068,0.116,0.116,onset,1100
SX185,prp,0,51,2,face_16,object_20,irrelevant,false_font,right,false_font_03,0.5,0.845351043782238,0.466,0.466,onset,1100
SX185,prp,0,51,3,face_16,object_20,irrelevant,letter,right,letter_06,1.5,1.39479226007431,0.232,1.732,offset,1100
SX185,prp,0,51,4,face_16,object_20,target,face,center,face_16,1,0.758321875026625,0,1,offset,1000
SX185,prp,0,51,5,face_16,object_20,non-target,face,right,face_15,1.5,1.85608108063631,0,1.5,offset,1000
SX185,prp,0,51,6,face_16,object_20,non-target,object,left,object_02,1.5,1.24258465585637,0.116,1.616,offset,1000
SX185,prp,0,51,7,face_16,object_20,irrelevant,letter,center,letter_07,1,0.9925294406834,0.116,0.116,onset,1000
SX185,prp,0,51,8,face_16,object_20,non-target,face,center,face_09,0.5,0.722295800249105,0.232,0.732,offset,1100
SX185,prp,0,51,9,face_16,object_20,non-target,face,center,face_17,1,0.848066036197949,0.466,1.466,offset,1100
SX185,prp,0,51,10,face_16,object_20,irrelevant,letter,right,letter_03,1,1.73083087780088,0.232,1.232,offset,1000
SX185,prp,0,51,11,face_16,object_20,irrelevant,letter,center,letter_17,1.5,0.988272979217967,0,0,onset,1100
SX185,prp,0,51,12,face_16,object_20,irrelevant,false_font,center,false_font_05,1.5,0.995578391678281,0.232,0.232,onset,1100
SX185,prp,0,51,13,face_16,object_20,non-target,object,right,object_04,1,1.09251049742015,0.116,0.116,onset,1100
SX185,prp,0,51,14,face_16,object_20,non-target,face,right,face_13,1.5,0.894078604282937,0.116,1.616,offset,1000
SX185,prp,0,51,15,face_16,object_20,non-target,face,center,face_19,0.5,0.773280540070708,0.116,0.116,onset,1100
SX185,prp,0,51,16,face_16,object_20,non-target,object,center,object_02,1.5,0.922037637851916,0.116,0.116,onset,1000
SX185,prp,0,51,17,face_16,object_20,non-target,face,right,face_01,0.5,1.26953709189468,0.466,0.466,onset,1000
SX185,prp,0,51,18,face_16,object_20,irrelevant,letter,center,letter_20,1.5,1.50966945418587,0.116,0.116,onset,1100
SX185,prp,0,51,19,face_16,object_20,non-target,object,center,object_02,1,1.89162006861467,0.232,0.232,onset,1000
SX185,prp,0,51,20,face_16,object_20,non-target,face,left,face_09,1,1.9004594499439,0.466,0.466,onset,1100
SX185,prp,0,51,21,face_16,object_20,non-target,face,right,face_05,1.5,1.76579916993195,0.466,0.466,onset,1100
SX185,prp,0,51,22,face_16,object_20,irrelevant,false_font,left,false_font_10,1.5,0.793111897188869,0.466,1.966,offset,1100
SX185,prp,0,51,23,face_16,object_20,target,object,center,object_20,1,0.90120897986693,0.116,1.116,offset,1000
SX185,prp,0,51,24,face_16,object_20,non-target,object,right,object_12,1.5,1.20408750819709,0.116,1.616,offset,1000
SX185,prp,0,51,25,face_16,object_20,irrelevant,letter,center,letter_12,0.5,1.59691651915835,0.232,0.232,onset,1100
SX185,prp,0,51,26,face_16,object_20,irrelevant,false_font,center,false_font_17,1,0.73782452360739,0,1,offset,1100
SX185,prp,0,51,27,face_16,object_20,irrelevant,letter,left,letter_17,0.5,0.717196555579429,0,0.5,offset,1100
SX185,prp,0,51,28,face_16,object_20,irrelevant,letter,center,letter_13,0.5,1.08034598993203,0.232,0.232,onset,1000
SX185,prp,0,51,29,face_16,object_20,irrelevant,false_font,center,false_font_11,0.5,0.812627028014641,0.232,0.232,onset,1100
SX185,prp,0,51,30,face_16,object_20,irrelevant,letter,right,letter_13,0.5,1.12462165024277,0.116,0.616,offset,1000
SX185,prp,0,51,31,face_16,object_20,non-target,object,right,object_15,0.5,1.23704858986776,0,0.5,offset,1000
SX185,prp,0,51,32,face_16,object_20,irrelevant,letter,center,letter_13,0.5,1.74586068612391,0,0,onset,1100
SX185,prp,0,51,33,face_16,object_20,non-target,object,right,object_07,0.5,1.32203564933053,0,0,onset,1000
SX185,prp,0,51,34,face_16,object_20,irrelevant,letter,center,letter_12,1.5,0.732526207729391,0.232,0.232,onset,1100
SX185,prp,0,52,1,face_01,object_18,irrelevant,false_font,left,false_font_11,1,0.741549801830834,0,1,offset,1000
SX185,prp,0,52,2,face_01,object_18,non-target,face,right,face_16,1.5,1.4471186223962,0,1.5,offset,1100
SX185,prp,0,52,3,face_01,object_18,target,face,right,face_01,0.5,1.58246142680407,0,0,onset,1000
SX185,prp,0,52,4,face_01,object_18,irrelevant,false_font,center,false_font_20,1.5,1.74946082935569,0.232,1.732,offset,1100
SX185,prp,0,52,5,face_01,object_18,irrelevant,letter,left,letter_15,1.5,0.716367664872491,0,1.5,offset,1100
SX185,prp,0,52,6,face_01,object_18,target,face,center,face_01,1.5,1.01483151040672,0.232,1.732,offset,1100
SX185,prp,0,52,7,face_01,object_18,irrelevant,false_font,center,false_font_08,1,1.57165028550258,0.466,0.466,onset,1100
SX185,prp,0,52,8,face_01,object_18,non-target,object,center,object_12,0.5,0.788680346055274,0,0.5,offset,1000
SX185,prp,0,52,9,face_01,object_18,non-target,object,left,object_01,1,0.937076476636076,0.466,0.466,onset,1100
SX185,prp,0,52,10,face_01,object_18,irrelevant,false_font,left,false_font_08,0.5,1.53555207218398,0.232,0.732,offset,1100
SX185,prp,0,52,11,face_01,object_18,target,object,left,object_18,0.5,1.45207660160853,0.116,0.116,onset,1100
SX185,prp,0,52,12,face_01,object_18,irrelevant,false_font,center,false_font_01,0.5,1.67831834289714,0.466,0.466,onset,1100
SX185,prp,0,52,13,face_01,object_18,irrelevant,false_font,center,false_font_15,1.5,0.740869463161004,0.466,1.966,offset,1000
SX185,prp,0,52,14,face_01,object_18,non-target,face,center,face_12,1.5,0.733931806100957,0.116,0.116,onset,1100
SX185,prp,0,52,15,face_01,object_18,irrelevant,false_font,left,false_font_06,0.5,1.28059585742273,0.232,0.232,onset,1100
SX185,prp,0,52,16,face_01,object_18,non-target,object,center,object_05,0.5,1.83294221232119,0.116,0.116,onset,1000
SX185,prp,0,52,17,face_01,object_18,non-target,object,left,object_04,1.5,1.22522950229877,0,1.5,offset,1100
SX185,prp,0,52,18,face_01,object_18,irrelevant,false_font,left,false_font_17,0.5,0.934243219264208,0.466,0.966,offset,1000
SX185,prp,0,52,19,face_01,object_18,irrelevant,letter,center,letter_05,0.5,0.839717731313943,0,0,onset,1000
SX185,prp,0,52,20,face_01,object_18,irrelevant,letter,left,letter_16,1.5,1.92691577426373,0.116,1.616,offset,1000
SX185,prp,0,52,21,face_01,object_18,non-target,object,center,object_03,1,1.15799630298385,0,0,onset,1000
SX185,prp,0,52,22,face_01,object_18,non-target,object,center,object_15,0.5,1.009751435071,0.116,0.616,offset,1000
SX185,prp,0,52,23,face_01,object_18,non-target,object,center,object_19,1,0.75521385050525,0.466,1.466,offset,1100
SX185,prp,0,52,24,face_01,object_18,non-target,face,left,face_07,0.5,0.825119277295509,0.116,0.116,onset,1100
SX185,prp,0,52,25,face_01,object_18,irrelevant,letter,left,letter_04,1.5,1.27216091141616,0,0,onset,1000
SX185,prp,0,52,26,face_01,object_18,non-target,face,left,face_13,1,1.23239855528105,0,0,onset,1000
SX185,prp,0,52,27,face_01,object_18,irrelevant,false_font,right,false_font_03,1.5,0.807011190457092,0,1.5,offset,1000
SX185,prp,0,52,28,face_01,object_18,non-target,face,left,face_03,1,1.95826522431405,0.466,0.466,onset,1000
SX185,prp,0,52,29,face_01,object_18,irrelevant,false_font,center,false_font_10,1.5,0.73708707458489,0.466,0.466,onset,1100
SX185,prp,0,52,30,face_01,object_18,non-target,object,center,object_01,0.5,0.837056124722213,0.466,0.466,onset,1100
SX185,prp,0,52,31,face_01,object_18,irrelevant,letter,left,letter_06,1.5,1.29923167915087,0.116,0.116,onset,1100
SX185,prp,0,52,32,face_01,object_18,non-target,object,left,object_15,1.5,1.1039825346653,0.232,1.732,offset,1000
SX185,prp,0,52,33,face_01,object_18,target,face,right,face_01,1,0.820400663330306,0,0,onset,1000
SX185,prp,0,52,34,face_01,object_18,target,object,center,object_18,0.5,1.63877636552374,0.466,0.466,onset,1000
SX185,prp,0,52,35,face_01,object_18,non-target,face,left,face_17,0.5,1.94751980078271,0.232,0.732,offset,1000
SX185,prp,0,52,36,face_01,object_18,target,object,left,object_18,1.5,1.05242267409883,0.466,0.466,onset,1000
SX185,prp,0,52,37,face_01,object_18,irrelevant,false_font,left,false_font_02,0.5,1.5783259085358,0.232,0.232,onset,1000
SX185,prp,0,52,38,face_01,object_18,non-target,object,center,object_03,1,0.915107753068499,0.116,1.116,offset,1000
SX185,prp,0,53,1,face_19,object_14,non-target,object,right,object_16,1,1.31311265452593,0.232,1.232,offset,1100
SX185,prp,0,53,2,face_19,object_14,non-target,face,right,face_18,1,0.796688297779449,0.232,1.232,offset,1100
SX185,prp,0,53,3,face_19,object_14,non-target,object,center,object_09,1,1.45106011300958,0.232,1.232,offset,1000
SX185,prp,0,53,4,face_19,object_14,target,face,right,face_19,1,0.833461625851221,0,1,offset,1100
SX185,prp,0,53,5,face_19,object_14,irrelevant,false_font,left,false_font_17,1,1.03420765505417,0.466,1.466,offset,1100
SX185,prp,0,53,6,face_19,object_14,irrelevant,letter,center,letter_19,1,1.88049094593286,0,1,offset,1100
SX185,prp,0,53,7,face_19,object_14,non-target,face,center,face_13,1,0.912344934250399,0.232,0.232,onset,1000
SX185,prp,0,53,8,face_19,object_14,non-target,face,center,face_15,0.5,1.28808844256703,0.116,0.616,offset,1000
SX185,prp,0,53,9,face_19,object_14,irrelevant,false_font,center,false_font_05,1,1.17615701936115,0.232,1.232,offset,1000
SX185,prp,0,53,10,face_19,object_14,non-target,object,left,object_03,1.5,1.77820786979768,0.232,0.232,onset,1000
SX185,prp,0,53,11,face_19,object_14,non-target,object,center,object_17,0.5,1.76334514253957,0.466,0.966,offset,1000
SX185,prp,0,53,12,face_19,object_14,target,object,left,object_14,1,1.1453373930663,0.232,1.232,offset,1000
SX185,prp,0,53,13,face_19,object_14,irrelevant,false_font,center,false_font_08,1,1.5297098927445,0.116,0.116,onset,1000
SX185,prp,0,53,14,face_19,object_14,irrelevant,false_font,center,false_font_02,1.5,0.948848065558701,0.232,0.232,onset,1000
SX185,prp,0,53,15,face_19,object_14,irrelevant,letter,center,letter_02,0.5,1.44190029837181,0.116,0.616,offset,1100
SX185,prp,0,53,16,face_19,object_14,non-target,object,center,object_10,0.5,1.09203606882655,0,0,onset,1100
SX185,prp,0,53,17,face_19,object_14,target,object,center,object_14,1,1.45005453264004,0.232,1.232,offset,1100
SX185,prp,0,53,18,face_19,object_14,irrelevant,false_font,left,false_font_01,1,1.06132387338095,0.466,0.466,onset,1000
SX185,prp,0,53,19,face_19,object_14,target,object,left,object_14,0.5,0.924035458508066,0.116,0.116,onset,1000
SX185,prp,0,53,20,face_19,object_14,non-target,face,right,face_10,0.5,1.17795081025697,0.232,0.232,onset,1000
SX185,prp,0,53,21,face_19,object_14,irrelevant,letter,center,letter_18,1.5,1.48751273768112,0.232,1.732,offset,1000
SX185,prp,0,53,22,face_19,object_14,non-target,object,center,object_18,1,0.822332262231523,0.232,1.232,offset,1100
SX185,prp,0,53,23,face_19,object_14,irrelevant,false_font,left,false_font_14,1,0.780017700911818,0.466,0.466,onset,1100
SX185,prp,0,53,24,face_19,object_14,irrelevant,false_font,center,false_font_17,0.5,1.35575832102011,0.232,0.732,offset,1100
SX185,prp,0,53,25,face_19,object_14,irrelevant,false_font,center,false_font_09,1,1.89591371627317,0,0,onset,1100
SX185,prp,0,53,26,face_19,object_14,target,face,center,face_19,1,1.21948437450364,0.232,0.232,onset,1000
SX185,prp,0,53,27,face_19,object_14,non-target,face,center,face_17,0.5,1.0213701416619,0,0,onset,1100
SX185,prp,0,53,28,face_19,object_14,non-target,object,center,object_06,0.5,0.863002409023364,0,0.5,offset,1100
SX185,prp,0,53,29,face_19,object_14,non-target,face,right,face_18,1.5,1.70883542094532,0.232,1.732,offset,1000
SX185,prp,0,53,30,face_19,object_14,irrelevant,letter,center,letter_15,0.5,1.99480714938101,0.232,0.732,offset,1000
SX185,prp,0,53,31,face_19,object_14,irrelevant,false_font,right,false_font_13,1.5,1.34079046663543,0,0,onset,1100
SX185,prp,0,53,32,face_19,object_14,non-target,object,right,object_11,1.5,1.32587048668137,0.116,0.116,onset,1100
SX185,prp,0,53,33,face_19,object_14,irrelevant,letter,right,letter_18,0.5,1.67543849246927,0.116,0.116,onset,1100
SX185,prp,0,53,34,face_19,object_14,irrelevant,letter,right,letter_17,1,1.09237604635701,0,1,offset,1000
SX185,prp,0,53,35,face_19,object_14,non-target,object,center,object_07,0.5,0.966062774286617,0.116,0.116,onset,1100
SX185,prp,0,53,36,face_19,object_14,non-target,object,center,object_20,1.5,0.720689530368288,0,1.5,offset,1100
SX185,prp,0,53,37,face_19,object_14,irrelevant,letter,center,letter_12,1.5,0.719222477415937,0.466,0.466,onset,1100
SX185,prp,0,54,1,face_20,object_09,target,face,center,face_20,1,0.767377710998399,0.466,0.466,onset,1000
SX185,prp,0,54,2,face_20,object_09,non-target,face,right,face_17,1.5,0.916390460391007,0.466,1.966,offset,1100
SX185,prp,0,54,3,face_20,object_09,irrelevant,false_font,left,false_font_09,1.5,0.82624161927375,0.232,0.232,onset,1000
SX185,prp,0,54,4,face_20,object_09,non-target,object,left,object_08,1,1.47692027928619,0.116,0.116,onset,1100
SX185,prp,0,54,5,face_20,object_09,non-target,face,center,face_17,0.5,0.897545456218371,0,0,onset,1100
SX185,prp,0,54,6,face_20,object_09,non-target,face,left,face_11,0.5,1.43268436739081,0.116,0.116,onset,1000
SX185,prp,0,54,7,face_20,object_09,non-target,object,left,object_18,1,1.39150604283569,0.116,0.116,onset,1000
SX185,prp,0,54,8,face_20,object_09,irrelevant,letter,center,letter_04,1.5,0.879293378168672,0.116,1.616,offset,1100
SX185,prp,0,54,9,face_20,object_09,non-target,face,center,face_08,1.5,0.809755795744009,0,1.5,offset,1100
SX185,prp,0,54,10,face_20,object_09,non-target,object,center,object_03,1.5,1.61425690319555,0.466,0.466,onset,1000
SX185,prp,0,54,11,face_20,object_09,target,object,right,object_09,1,0.838613287398971,0,1,offset,1000
SX185,prp,0,54,12,face_20,object_09,irrelevant,letter,center,letter_07,0.5,0.768778511990633,0,0.5,offset,1000
SX185,prp,0,54,13,face_20,object_09,non-target,face,center,face_11,1,0.99845934981453,0.466,1.466,offset,1100
SX185,prp,0,54,14,face_20,object_09,irrelevant,letter,center,letter_01,1,1.66370272865827,0.116,0.116,onset,1000
SX185,prp,0,54,15,face_20,object_09,non-target,face,center,face_05,1,1.53583982025818,0.466,0.466,onset,1000
SX185,prp,0,54,16,face_20,object_09,non-target,object,left,object_20,1,0.712700822933358,0.466,1.466,offset,1100
SX185,prp,0,54,17,face_20,object_09,non-target,face,right,face_07,1,1.17317230401108,0.466,0.466,onset,1100
SX185,prp,0,54,18,face_20,object_09,non-target,face,center,face_05,0.5,1.17398650229979,0.466,0.466,onset,1000
SX185,prp,0,54,19,face_20,object_09,irrelevant,false_font,center,false_font_18,0.5,0.910195599934271,0,0,onset,1000
SX185,prp,0,54,20,face_20,object_09,non-target,object,center,object_17,1.5,0.83196076333876,0.232,0.232,onset,1100
SX185,prp,0,54,21,face_20,object_09,irrelevant,letter,right,letter_02,1,1.81483512712222,0.116,0.116,onset,1100
SX185,prp,0,54,22,face_20,object_09,target,face,left,face_20,0.5,0.886122786716437,0,0,onset,1000
SX185,prp,0,54,23,face_20,object_09,irrelevant,letter,center,letter_17,1,1.93850072095805,0.116,0.116,onset,1000
SX185,prp,0,54,24,face_20,object_09,irrelevant,false_font,right,false_font_14,0.5,0.98140002724007,0,0.5,offset,1000
SX185,prp,0,54,25,face_20,object_09,irrelevant,letter,center,letter_03,0.5,1.42967666499182,0.466,0.966,offset,1000
SX185,prp,0,54,26,face_20,object_09,non-target,object,left,object_04,0.5,1.70121588071274,0.466,0.966,offset,1100
SX185,prp,0,54,27,face_20,object_09,irrelevant,letter,right,letter_07,0.5,1.44611947245261,0.232,0.732,offset,1000
SX185,prp,0,54,28,face_20,object_09,irrelevant,letter,center,letter_16,0.5,0.926306621515577,0,0,onset,1000
SX185,prp,0,54,29,face_20,object_09,irrelevant,letter,left,letter_17,1,1.416168866571,0.466,0.466,onset,1000
SX185,prp,0,54,30,face_20,object_09,non-target,face,left,face_02,1.5,1.13318341264517,0.116,1.616,offset,1100
SX185,prp,0,54,31,face_20,object_09,irrelevant,letter,right,letter_17,1.5,1.11267776678916,0.232,1.732,offset,1000
SX185,prp,0,54,32,face_20,object_09,irrelevant,false_font,center,false_font_05,0.5,1.6459602515588,0.232,0.232,onset,1000
SX185,prp,0,54,33,face_20,object_09,non-target,object,left,object_18,0.5,1.09889681798256,0,0.5,offset,1100
SX185,prp,0,54,34,face_20,object_09,irrelevant,false_font,right,false_font_14,1.5,0.822401857541684,0.232,1.732,offset,1000
SX185,prp,0,54,35,face_20,object_09,irrelevant,false_font,left,false_font_12,1.5,1.94591713728202,0.466,0.466,onset,1000
SX185,prp,0,55,1,letter_14,false_font_20,irrelevant,object,center,object_16,1.5,1.19504710913248,0.116,1.616,offset,1000
SX185,prp,0,55,2,letter_14,false_font_20,irrelevant,face,left,face_07,1,1.62732301643971,0,0,onset,1100
SX185,prp,0,55,3,letter_14,false_font_20,non-target,letter,center,letter_02,1,1.27274550794511,0,0,onset,1100
SX185,prp,0,55,4,letter_14,false_font_20,irrelevant,object,left,object_08,1.5,1.3983280508797,0.116,0.116,onset,1100
SX185,prp,0,55,5,letter_14,false_font_20,irrelevant,object,right,object_11,0.5,1.17695143850493,0.116,0.616,offset,1000
SX185,prp,0,55,6,letter_14,false_font_20,irrelevant,face,right,face_11,1,0.736635760188632,0,1,offset,1100
SX185,prp,0,55,7,letter_14,false_font_20,non-target,false_font,center,false_font_11,1.5,0.7271838108448,0.466,0.466,onset,1100
SX185,prp,0,55,8,letter_14,false_font_20,irrelevant,object,center,object_02,0.5,1.02590501083141,0.466,0.466,onset,1100
SX185,prp,0,55,9,letter_14,false_font_20,non-target,false_font,center,false_font_17,0.5,1.55556511110427,0.466,0.466,onset,1100
SX185,prp,0,55,10,letter_14,false_font_20,target,false_font,center,false_font_20,1.5,1.61108330829189,0.466,0.466,onset,1100
SX185,prp,0,55,11,letter_14,false_font_20,target,false_font,center,false_font_20,0.5,1.30262880354271,0,0.5,offset,1000
SX185,prp,0,55,12,letter_14,false_font_20,non-target,false_font,left,false_font_17,0.5,0.874384549950905,0.116,0.116,onset,1000
SX185,prp,0,55,13,letter_14,false_font_20,non-target,false_font,right,false_font_09,1.5,1.5946404980242,0.116,0.116,onset,1000
SX185,prp,0,55,14,letter_14,false_font_20,non-target,false_font,center,false_font_07,1,1.75473962359124,0.466,0.466,onset,1000
SX185,prp,0,55,15,letter_14,false_font_20,irrelevant,face,right,face_05,1.5,1.20228335339554,0,1.5,offset,1000
SX185,prp,0,55,16,letter_14,false_font_20,non-target,false_font,right,false_font_13,0.5,0.893283811740233,0.466,0.966,offset,1000
SX185,prp,0,55,17,letter_14,false_font_20,irrelevant,face,center,face_19,0.5,0.703600056314894,0.116,0.616,offset,1100
SX185,prp,0,55,18,letter_14,false_font_20,non-target,false_font,center,false_font_04,0.5,0.722925163062079,0.116,0.616,offset,1100
SX185,prp,0,55,19,letter_14,false_font_20,non-target,letter,center,letter_03,1.5,1.3218013111558,0.232,1.732,offset,1000
SX185,prp,0,55,20,letter_14,false_font_20,non-target,letter,center,letter_01,0.5,0.967198151070439,0.232,0.232,onset,1100
SX185,prp,0,55,21,letter_14,false_font_20,target,letter,right,letter_14,0.5,1.45238215519171,0.232,0.732,offset,1100
SX185,prp,0,55,22,letter_14,false_font_20,irrelevant,face,center,face_05,0.5,1.33651899476665,0.232,0.732,offset,1000
SX185,prp,0,55,23,letter_14,false_font_20,irrelevant,face,center,face_16,1,1.42149917121658,0.232,1.232,offset,1000
SX185,prp,0,55,24,letter_14,false_font_20,irrelevant,face,center,face_12,1.5,1.26083647504656,0.116,0.116,onset,1100
SX185,prp,0,55,25,letter_14,false_font_20,irrelevant,face,left,face_11,0.5,1.88849585135556,0.232,0.732,offset,1100
SX185,prp,0,55,26,letter_14,false_font_20,target,letter,right,letter_14,0.5,1.03680753771233,0.466,0.466,onset,1100
SX185,prp,0,55,27,letter_14,false_font_20,irrelevant,object,left,object_10,1,0.825102616463336,0.116,1.116,offset,1100
SX185,prp,0,55,28,letter_14,false_font_20,irrelevant,face,center,face_13,1,1.11733412387586,0.466,0.466,onset,1100
SX185,prp,0,55,29,letter_14,false_font_20,irrelevant,face,right,face_06,0.5,1.0440841814483,0.232,0.232,onset,1000
SX185,prp,0,55,30,letter_14,false_font_20,non-target,letter,left,letter_09,1,0.874316410582873,0.466,1.466,offset,1100
SX185,prp,0,55,31,letter_14,false_font_20,non-target,letter,right,letter_08,1,0.786147560839597,0.466,1.466,offset,1000
SX185,prp,0,55,32,letter_14,false_font_20,non-target,false_font,left,false_font_14,1.5,0.757155456947818,0,1.5,offset,1100
SX185,prp,0,55,33,letter_14,false_font_20,irrelevant,face,center,face_11,1.5,1.85776155462949,0.232,0.232,onset,1000
SX185,prp,0,55,34,letter_14,false_font_20,non-target,false_font,left,false_font_16,1,1.02089486038835,0.466,1.466,offset,1100
SX185,prp,0,55,35,letter_14,false_font_20,target,false_font,center,false_font_20,0.5,0.718358082733054,0.232,0.732,offset,1100
SX185,prp,0,55,36,letter_14,false_font_20,non-target,false_font,right,false_font_16,1.5,1.80949675975581,0.232,0.232,onset,1000
SX185,prp,0,55,37,letter_14,false_font_20,non-target,false_font,center,false_font_15,0.5,1.03065660355561,0,0,onset,1100
SX185,prp,0,56,1,letter_20,false_font_01,non-target,letter,center,letter_14,0.5,1.54681118780168,0.116,0.116,onset,1000
SX185,prp,0,56,2,letter_20,false_font_01,irrelevant,object,center,object_09,0.5,1.72168311119609,0.232,0.732,offset,1000
SX185,prp,0,56,3,letter_20,false_font_01,non-target,letter,center,letter_09,0.5,1.73033265424352,0.466,0.966,offset,1100
SX185,prp,0,56,4,letter_20,false_font_01,irrelevant,object,right,object_19,1.5,1.89595260295182,0.232,0.232,onset,1100
SX185,prp,0,56,5,letter_20,false_font_01,irrelevant,object,right,object_20,1.5,1.13702657101819,0.116,0.116,onset,1000
SX185,prp,0,56,6,letter_20,false_font_01,non-target,letter,center,letter_14,1.5,1.55414620487968,0.116,0.116,onset,1100
SX185,prp,0,56,7,letter_20,false_font_01,non-target,letter,right,letter_19,1,0.81875269064233,0.466,1.466,offset,1000
SX185,prp,0,56,8,letter_20,false_font_01,target,letter,left,letter_20,1.5,1.14234104141252,0,1.5,offset,1100
SX185,prp,0,56,9,letter_20,false_font_01,irrelevant,object,center,object_20,0.5,1.97751146010735,0,0,onset,1100
SX185,prp,0,56,10,letter_20,false_font_01,non-target,letter,left,letter_08,1,1.203644111642,0.116,1.116,offset,1000
SX185,prp,0,56,11,letter_20,false_font_01,irrelevant,face,center,face_17,1.5,1.02504166571553,0.232,1.732,offset,1100
SX185,prp,0,56,12,letter_20,false_font_01,irrelevant,object,center,object_14,1,1.06144624217584,0,0,onset,1000
SX185,prp,0,56,13,letter_20,false_font_01,non-target,letter,center,letter_18,1,1.20419424511128,0.232,0.232,onset,1000
SX185,prp,0,56,14,letter_20,false_font_01,irrelevant,object,center,object_17,0.5,1.07543228039208,0,0,onset,1000
SX185,prp,0,56,15,letter_20,false_font_01,target,false_font,right,false_font_01,1,1.17414562400491,0.466,0.466,onset,1100
SX185,prp,0,56,16,letter_20,false_font_01,irrelevant,object,center,object_03,1.5,0.757858144598682,0.116,0.116,onset,1100
SX185,prp,0,56,17,letter_20,false_font_01,irrelevant,object,right,object_20,0.5,1.17510883162645,0,0,onset,1100
SX185,prp,0,56,18,letter_20,false_font_01,irrelevant,face,left,face_06,0.5,0.86086077238719,0.466,0.466,onset,1100
SX185,prp,0,56,19,letter_20,false_font_01,irrelevant,object,center,object_12,1,0.782962617374827,0.116,0.116,onset,1000
SX185,prp,0,56,20,letter_20,false_font_01,irrelevant,object,center,object_01,1.5,0.737292165724625,0.116,0.116,onset,1000
SX185,prp,0,56,21,letter_20,false_font_01,non-target,false_font,center,false_font_13,0.5,1.42431488314839,0.116,0.116,onset,1100
SX185,prp,0,56,22,letter_20,false_font_01,target,false_font,right,false_font_01,1,1.28072141804879,0.116,0.116,onset,1100
SX185,prp,0,56,23,letter_20,false_font_01,non-target,false_font,center,false_font_16,1,1.71782687088359,0,0,onset,1100
SX185,prp,0,56,24,letter_20,false_font_01,non-target,false_font,center,false_font_05,0.5,1.54908398365262,0.232,0.232,onset,1100
SX185,prp,0,56,25,letter_20,false_font_01,target,false_font,right,false_font_01,1.5,0.724265941833706,0.232,1.732,offset,1100
SX185,prp,0,56,26,letter_20,false_font_01,non-target,false_font,center,false_font_18,1.5,0.801032645434001,0,0,onset,1100
SX185,prp,0,56,27,letter_20,false_font_01,irrelevant,object,left,object_09,1.5,0.757761160773306,0.232,1.732,offset,1100
SX185,prp,0,56,28,letter_20,false_font_01,non-target,letter,center,letter_08,1.5,0.721387876278814,0.116,0.116,onset,1100
SX185,prp,0,56,29,letter_20,false_font_01,non-target,false_font,center,false_font_10,1.5,1.50378184845022,0.116,1.616,offset,1100
SX185,prp,0,56,30,letter_20,false_font_01,irrelevant,face,right,face_19,1.5,1.68271674444236,0.466,0.466,onset,1100
SX185,prp,0,56,31,letter_20,false_font_01,irrelevant,object,center,object_05,1.5,0.969751330303841,0.116,0.116,onset,1000
SX185,prp,0,56,32,letter_20,false_font_01,irrelevant,object,left,object_02,1,1.8144817813883,0,0,onset,1100
SX185,prp,0,56,33,letter_20,false_font_01,non-target,letter,center,letter_05,1.5,1.55191160574272,0.116,1.616,offset,1100
SX185,prp,0,56,34,letter_20,false_font_01,non-target,letter,left,letter_07,1.5,0.727761736270068,0.116,1.616,offset,1100
SX185,prp,0,56,35,letter_20,false_font_01,non-target,letter,center,letter_17,1.5,0.849099978392069,0.466,1.966,offset,1100
SX185,prp,0,56,36,letter_20,false_font_01,non-target,letter,center,letter_07,1,1.43062099713069,0.116,0.116,onset,1100
SX185,prp,0,57,1,letter_04,false_font_01,irrelevant,face,center,face_15,0.5,1.07681802329659,0.116,0.616,offset,1100
SX185,prp,0,57,2,letter_04,false_font_01,non-target,false_font,right,false_font_04,1,1.8440171539333,0.466,1.466,offset,1000
SX185,prp,0,57,3,letter_04,false_font_01,non-target,letter,left,letter_06,1.5,1.16791346172206,0.116,1.616,offset,1000
SX185,prp,0,57,4,letter_04,false_font_01,non-target,letter,right,letter_02,1.5,1.72347310617186,0.466,1.966,offset,1000
SX185,prp,0,57,5,letter_04,false_font_01,irrelevant,face,left,face_02,1,0.787478586825742,0.232,1.232,offset,1100
SX185,prp,0,57,6,letter_04,false_font_01,non-target,false_font,left,false_font_15,1.5,0.794946278201906,0,0,onset,1100
SX185,prp,0,57,7,letter_04,false_font_01,non-target,letter,right,letter_10,1,1.49385249412682,0.232,1.232,offset,1000
SX185,prp,0,57,8,letter_04,false_font_01,irrelevant,object,left,object_07,1.5,1.60063735835325,0,0,onset,1000
SX185,prp,0,57,9,letter_04,false_font_01,non-target,false_font,center,false_font_07,1.5,0.785120399308268,0.232,0.232,onset,1000
SX185,prp,0,57,10,letter_04,false_font_01,target,false_font,center,false_font_01,0.5,1.08546392942312,0,0.5,offset,1000
SX185,prp,0,57,11,letter_04,false_font_01,non-target,false_font,center,false_font_06,1,1.54174775007639,0.116,1.116,offset,1100
SX185,prp,0,57,12,letter_04,false_font_01,non-target,letter,left,letter_16,0.5,0.873541599107312,0.466,0.466,onset,1100
SX185,prp,0,57,13,letter_04,false_font_01,irrelevant,object,left,object_10,0.5,1.09820600203907,0.232,0.232,onset,1100
SX185,prp,0,57,14,letter_04,false_font_01,non-target,letter,right,letter_14,0.5,1.55402733757843,0.466,0.966,offset,1000
SX185,prp,0,57,15,letter_04,false_font_01,irrelevant,object,center,object_16,0.5,0.938080689008208,0.466,0.966,offset,1000
SX185,prp,0,57,16,letter_04,false_font_01,irrelevant,object,right,object_05,0.5,0.874245673416452,0.116,0.116,onset,1000
SX185,prp,0,57,17,letter_04,false_font_01,irrelevant,face,right,face_12,1.5,0.906042622925915,0.466,1.966,offset,1000
SX185,prp,0,57,18,letter_04,false_font_01,non-target,letter,center,letter_11,0.5,1.67700307931126,0.116,0.616,offset,1000
SX185,prp,0,57,19,letter_04,false_font_01,target,letter,center,letter_04,1.5,1.07347622140426,0.116,0.116,onset,1000
SX185,prp,0,57,20,letter_04,false_font_01,target,false_font,center,false_font_01,1.5,1.86662316538236,0,0,onset,1000
SX185,prp,0,57,21,letter_04,false_font_01,non-target,letter,right,letter_07,1.5,0.908152381510648,0,1.5,offset,1000
SX185,prp,0,57,22,letter_04,false_font_01,non-target,letter,left,letter_18,1,1.19422930875668,0.232,1.232,offset,1100
SX185,prp,0,57,23,letter_04,false_font_01,irrelevant,object,center,object_16,1.5,1.01414816677211,0.466,0.466,onset,1000
SX185,prp,0,57,24,letter_04,false_font_01,target,false_font,center,false_font_01,1.5,1.73012726996406,0.232,0.232,onset,1100
SX185,prp,0,57,25,letter_04,false_font_01,irrelevant,object,left,object_16,0.5,0.930543264163078,0.232,0.732,offset,1100
SX185,prp,0,57,26,letter_04,false_font_01,irrelevant,face,center,face_09,0.5,0.997770028220569,0.232,0.232,onset,1000
SX185,prp,0,57,27,letter_04,false_font_01,irrelevant,object,right,object_19,0.5,1.58703017169461,0.466,0.466,onset,1000
SX185,prp,0,57,28,letter_04,false_font_01,irrelevant,object,left,object_09,0.5,1.88926355217436,0,0.5,offset,1100
SX185,prp,0,57,29,letter_04,false_font_01,non-target,letter,center,letter_14,1.5,1.04749722384414,0.232,0.232,onset,1000
SX185,prp,0,57,30,letter_04,false_font_01,non-target,false_font,center,false_font_05,1.5,1.26065322772308,0.116,0.116,onset,1100
SX185,prp,0,57,31,letter_04,false_font_01,irrelevant,face,left,face_10,0.5,1.61862287855319,0,0,onset,1000
SX185,prp,0,57,32,letter_04,false_font_01,irrelevant,face,right,face_03,1,1.18695679704485,0.232,1.232,offset,1000
SX185,prp,0,57,33,letter_04,false_font_01,target,letter,center,letter_04,1,0.751259344666267,0.116,1.116,offset,1100
SX185,prp,0,57,34,letter_04,false_font_01,irrelevant,object,center,object_04,0.5,0.900249852699231,0.466,0.466,onset,1100
SX185,prp,0,57,35,letter_04,false_font_01,target,letter,center,letter_04,0.5,1.15260674450569,0.232,0.732,offset,1000
SX185,prp,0,57,36,letter_04,false_font_01,non-target,false_font,right,false_font_05,0.5,1.29764422108896,0.116,0.116,onset,1000
SX185,prp,0,57,37,letter_04,false_font_01,non-target,letter,left,letter_18,1.5,1.10384129055496,0,1.5,offset,1100
SX185,prp,0,57,38,letter_04,false_font_01,irrelevant,face,right,face_04,0.5,1.86522827788341,0.232,0.732,offset,1100
SX185,prp,0,58,1,letter_10,false_font_11,irrelevant,face,center,face_05,0.5,1.63481346197432,0.116,0.116,onset,1000
SX185,prp,0,58,2,letter_10,false_font_11,irrelevant,object,right,object_02,1.5,0.704003193597838,0,0,onset,1100
SX185,prp,0,58,3,letter_10,false_font_11,irrelevant,object,right,object_18,0.5,1.13565534887592,0.116,0.616,offset,1100
SX185,prp,0,58,4,letter_10,false_font_11,irrelevant,face,center,face_12,1.5,1.0775009433683,0.466,0.466,onset,1000
SX185,prp,0,58,5,letter_10,false_font_11,irrelevant,object,right,object_18,1,1.66430820702753,0,0,onset,1000
SX185,prp,0,58,6,letter_10,false_font_11,non-target,false_font,right,false_font_14,1.5,1.0679258600383,0.116,0.116,onset,1100
SX185,prp,0,58,7,letter_10,false_font_11,non-target,false_font,left,false_font_20,1,0.805189505504042,0.116,1.116,offset,1100
SX185,prp,0,58,8,letter_10,false_font_11,non-target,letter,left,letter_02,1.5,0.971912865853964,0.466,1.966,offset,1000
SX185,prp,0,58,9,letter_10,false_font_11,irrelevant,face,right,face_17,1,1.83729318969026,0,0,onset,1000
SX185,prp,0,58,10,letter_10,false_font_11,non-target,letter,center,letter_20,1,1.56690926662197,0,0,onset,1100
SX185,prp,0,58,11,letter_10,false_font_11,non-target,letter,center,letter_03,0.5,1.02804726647575,0.466,0.466,onset,1100
SX185,prp,0,58,12,letter_10,false_font_11,non-target,false_font,center,false_font_01,0.5,1.55282832463238,0.232,0.732,offset,1100
SX185,prp,0,58,13,letter_10,false_font_11,non-target,letter,center,letter_02,1,1.72596419822206,0.232,1.232,offset,1100
SX185,prp,0,58,14,letter_10,false_font_11,irrelevant,object,left,object_17,1.5,0.71959713444173,0.232,0.232,onset,1100
SX185,prp,0,58,15,letter_10,false_font_11,non-target,letter,left,letter_20,0.5,1.11278250555367,0.232,0.232,onset,1000
SX185,prp,0,58,16,letter_10,false_font_11,irrelevant,face,left,face_06,1.5,1.31250382353431,0.116,1.616,offset,1100
SX185,prp,0,58,17,letter_10,false_font_11,non-target,false_font,right,false_font_12,0.5,0.797086681891536,0.116,0.616,offset,1100
SX185,prp,0,58,18,letter_10,false_font_11,irrelevant,object,center,object_15,1,1.07205834493987,0.116,0.116,onset,1100
SX185,prp,0,58,19,letter_10,false_font_11,irrelevant,face,right,face_10,1,0.704171043556312,0.116,1.116,offset,1100
SX185,prp,0,58,20,letter_10,false_font_11,target,letter,right,letter_10,1,0.739984372448595,0.116,0.116,onset,1000
SX185,prp,0,58,21,letter_10,false_font_11,target,letter,center,letter_10,1.5,1.40666324926584,0.466,0.466,onset,1000
SX185,prp,0,58,22,letter_10,false_font_11,non-target,letter,left,letter_16,1,1.78392138855819,0.466,0.466,onset,1000
SX185,prp,0,58,23,letter_10,false_font_11,irrelevant,object,left,object_10,1.5,1.48114271279067,0.466,1.966,offset,1100
SX185,prp,0,58,24,letter_10,false_font_11,non-target,letter,right,letter_02,1,0.738005596592883,0,0,onset,1000
SX185,prp,0,58,25,letter_10,false_font_11,irrelevant,face,left,face_04,1,0.859967458229272,0.232,0.232,onset,1000
SX185,prp,0,58,26,letter_10,false_font_11,irrelevant,face,right,face_18,1.5,0.879192674756787,0.232,1.732,offset,1000
SX185,prp,0,58,27,letter_10,false_font_11,non-target,letter,left,letter_12,0.5,1.21593313276097,0,0.5,offset,1100
SX185,prp,0,58,28,letter_10,false_font_11,irrelevant,object,center,object_15,0.5,1.37349675751096,0.466,0.466,onset,1000
SX185,prp,0,58,29,letter_10,false_font_11,non-target,false_font,center,false_font_07,0.5,1.29347917285741,0.116,0.116,onset,1000
SX185,prp,0,58,30,letter_10,false_font_11,non-target,letter,center,letter_05,1,1.37118155731829,0.116,1.116,offset,1000
SX185,prp,0,58,31,letter_10,false_font_11,non-target,letter,center,letter_18,1.5,1.04306239788151,0.232,0.232,onset,1100
SX185,prp,0,58,32,letter_10,false_font_11,non-target,false_font,center,false_font_02,1,0.913683905790208,0.466,1.466,offset,1100
SX185,prp,0,58,33,letter_10,false_font_11,target,false_font,left,false_font_11,1.5,0.726067673746066,0,0,onset,1000
SX185,prp,0,58,34,letter_10,false_font_11,target,letter,left,letter_10,1.5,1.35356331523407,0.232,1.732,offset,1100
SX185,prp,0,58,35,letter_10,false_font_11,irrelevant,face,center,face_05,1.5,0.958330877747964,0.232,0.232,onset,1000
SX185,prp,0,58,36,letter_10,false_font_11,irrelevant,face,right,face_01,1,1.02694728523651,0,1,offset,1000
SX185,prp,0,59,1,face_06,object_11,non-target,face,center,face_19,0.5,0.749805648991753,0.232,0.232,onset,1100
SX185,prp,0,59,2,face_06,object_11,irrelevant,false_font,right,false_font_04,0.5,1.67911360855382,0,0.5,offset,1000
SX185,prp,0,59,3,face_06,object_11,irrelevant,letter,center,letter_04,1,1.61144685285631,0.116,1.116,offset,1000
SX185,prp,0,59,4,face_06,object_11,irrelevant,letter,right,letter_06,1,1.41416704775399,0,0,onset,1100
SX185,prp,0,59,5,face_06,object_11,irrelevant,false_font,right,false_font_10,1,1.05724752389995,0.232,0.232,onset,1100
SX185,prp,0,59,6,face_06,object_11,non-target,object,left,object_17,0.5,0.70262653897956,0,0.5,offset,1000
SX185,prp,0,59,7,face_06,object_11,non-target,face,left,face_05,1,1.19171933888139,0.232,0.232,onset,1100
SX185,prp,0,59,8,face_06,object_11,non-target,face,right,face_04,0.5,1.06863584426076,0,0.5,offset,1000
SX185,prp,0,59,9,face_06,object_11,irrelevant,letter,left,letter_05,1,1.32232345649993,0.466,1.466,offset,1000
SX185,prp,0,59,10,face_06,object_11,irrelevant,false_font,left,false_font_10,0.5,1.25840317625447,0.466,0.466,onset,1100
SX185,prp,0,59,11,face_06,object_11,non-target,object,center,object_08,1,0.899122610222367,0,0,onset,1000
SX185,prp,0,59,12,face_06,object_11,irrelevant,letter,left,letter_07,0.5,1.06014485384938,0,0.5,offset,1100
SX185,prp,0,59,13,face_06,object_11,irrelevant,letter,left,letter_05,1.5,1.12189863159009,0.116,0.116,onset,1000
SX185,prp,0,59,14,face_06,object_11,non-target,object,right,object_06,0.5,0.867173718454085,0,0,onset,1100
SX185,prp,0,59,15,face_06,object_11,non-target,object,left,object_20,0.5,1.6424669603851,0.232,0.232,onset,1100
SX185,prp,0,59,16,face_06,object_11,non-target,face,center,face_19,1,1.30008197278003,0,1,offset,1100
SX185,prp,0,59,17,face_06,object_11,non-target,face,left,face_12,1.5,0.773459851864889,0.116,0.116,onset,1000
SX185,prp,0,59,18,face_06,object_11,irrelevant,false_font,left,false_font_15,1,1.68559747386842,0.116,0.116,onset,1000
SX185,prp,0,59,19,face_06,object_11,irrelevant,false_font,right,false_font_16,0.5,1.98683155649487,0,0,onset,1000
SX185,prp,0,59,20,face_06,object_11,target,object,center,object_11,1,0.860422653990727,0,1,offset,1000
SX185,prp,0,59,21,face_06,object_11,non-target,face,left,face_04,1,1.88051235221488,0.116,0.116,onset,1100
SX185,prp,0,59,22,face_06,object_11,non-target,face,center,face_19,1,1.72363988456237,0.116,1.116,offset,1100
SX185,prp,0,59,23,face_06,object_11,target,face,center,face_06,1.5,0.757562675775718,0.116,1.616,offset,1100
SX185,prp,0,59,24,face_06,object_11,target,object,left,object_11,0.5,1.03379059949411,0.116,0.116,onset,1100
SX185,prp,0,59,25,face_06,object_11,irrelevant,false_font,right,false_font_08,0.5,0.899186200692693,0.116,0.116,onset,1000
SX185,prp,0,59,26,face_06,object_11,target,face,center,face_06,0.5,1.05502010632929,0.466,0.466,onset,1100
SX185,prp,0,59,27,face_06,object_11,irrelevant,letter,center,letter_16,1.5,1.65255372664555,0.116,0.116,onset,1100
SX185,prp,0,59,28,face_06,object_11,irrelevant,false_font,center,false_font_20,1.5,1.88467274856105,0.466,0.466,onset,1100
SX185,prp,0,59,29,face_06,object_11,non-target,face,right,face_01,1.5,1.54708054479526,0.466,1.966,offset,1000
SX185,prp,0,59,30,face_06,object_11,non-target,face,center,face_01,1.5,1.19719628828371,0.466,1.966,offset,1000
SX185,prp,0,59,31,face_06,object_11,irrelevant,false_font,right,false_font_11,1.5,1.36209732538932,0.116,1.616,offset,1100
SX185,prp,0,59,32,face_06,object_11,non-target,face,left,face_04,0.5,1.91173589360168,0.466,0.966,offset,1000
SX185,prp,0,59,33,face_06,object_11,non-target,object,left,object_08,0.5,0.751858982205649,0.116,0.616,offset,1100
SX185,prp,0,59,34,face_06,object_11,irrelevant,false_font,center,false_font_19,1.5,1.94374519693459,0.466,1.966,offset,1100
SX185,prp,0,59,35,face_06,object_11,non-target,face,left,face_02,1,1.91447540760579,0.466,1.466,offset,1000
SX185,prp,0,59,36,face_06,object_11,irrelevant,letter,left,letter_16,0.5,1.26494641084267,0,0.5,offset,1000
SX185,prp,0,59,37,face_06,object_11,target,face,right,face_06,0.5,1.18453276197818,0.466,0.966,offset,1100
SX185,prp,0,60,1,face_18,object_17,irrelevant,false_font,right,false_font_18,1,1.85118928741204,0.232,1.232,offset,1000
SX185,prp,0,60,2,face_18,object_17,non-target,face,center,face_17,1,1.41322055206678,0.232,0.232,onset,1000
SX185,prp,0,60,3,face_18,object_17,non-target,object,center,object_09,1,0.89786053046933,0.232,1.232,offset,1100
SX185,prp,0,60,4,face_18,object_17,non-target,object,center,object_14,0.5,1.78701759557473,0.116,0.616,offset,1100
SX185,prp,0,60,5,face_18,object_17,target,object,center,object_17,0.5,1.79145607153562,0.466,0.966,offset,1100
SX185,prp,0,60,6,face_18,object_17,irrelevant,false_font,center,false_font_11,0.5,0.812713253914551,0,0,onset,1100
SX185,prp,0,60,7,face_18,object_17,irrelevant,letter,center,letter_08,1.5,0.788090489769637,0.466,0.466,onset,1100
SX185,prp,0,60,8,face_18,object_17,non-target,face,center,face_17,1.5,0.82874750322821,0.232,1.732,offset,1100
SX185,prp,0,60,9,face_18,object_17,irrelevant,false_font,center,false_font_19,1.5,0.968675721534318,0,0,onset,1000
SX185,prp,0,60,10,face_18,object_17,non-target,face,center,face_04,1,1.15054490291399,0.116,0.116,onset,1000
SX185,prp,0,60,11,face_18,object_17,irrelevant,letter,center,letter_13,1,1.452154176496,0.116,0.116,onset,1100
SX185,prp,0,60,12,face_18,object_17,irrelevant,letter,left,letter_07,1,0.801414672670024,0,0,onset,1100
SX185,prp,0,60,13,face_18,object_17,non-target,face,center,face_20,1.5,1.20795313473672,0.232,1.732,offset,1000
SX185,prp,0,60,14,face_18,object_17,irrelevant,letter,center,letter_08,1.5,0.878956298709513,0.232,1.732,offset,1100
SX185,prp,0,60,15,face_18,object_17,irrelevant,false_font,center,false_font_11,1.5,1.1243032846352,0.466,0.466,onset,1000
SX185,prp,0,60,16,face_18,object_17,target,object,center,object_17,0.5,1.14034044324391,0.116,0.616,offset,1000
SX185,prp,0,60,17,face_18,object_17,non-target,object,right,object_19,0.5,1.88744756746236,0.116,0.616,offset,1000
SX185,prp,0,60,18,face_18,object_17,non-target,object,center,object_20,1,0.879027626849674,0,0,onset,1100
SX185,prp,0,60,19,face_18,object_17,irrelevant,letter,center,letter_07,1,1.76897816428378,0,1,offset,1000
SX185,prp,0,60,20,face_18,object_17,non-target,object,right,object_19,1,1.72745761643241,0.232,0.232,onset,1100
SX185,prp,0,60,21,face_18,object_17,non-target,object,left,object_06,0.5,1.25708294278769,0,0,onset,1000
SX185,prp,0,60,22,face_18,object_17,target,face,center,face_18,0.5,0.788363599020953,0,0.5,offset,1100
SX185,prp,0,60,23,face_18,object_17,irrelevant,false_font,center,false_font_17,1,1.95600213851747,0.466,1.466,offset,1100
SX185,prp,0,60,24,face_18,object_17,target,face,center,face_18,1,1.28027676139539,0,1,offset,1000
SX185,prp,0,60,25,face_18,object_17,non-target,face,center,face_02,0.5,1.36325304614183,0.466,0.466,onset,1100
SX185,prp,0,60,26,face_18,object_17,non-target,object,center,object_19,1.5,0.818541933460405,0.232,1.732,offset,1000
SX185,prp,0,60,27,face_18,object_17,irrelevant,false_font,center,false_font_01,1.5,0.840095010757739,0.232,0.232,onset,1100
SX185,prp,0,60,28,face_18,object_17,non-target,object,center,object_02,1.5,1.41282403967384,0.116,0.116,onset,1100
SX185,prp,0,60,29,face_18,object_17,irrelevant,false_font,right,false_font_13,1,1.3854839190671,0,0,onset,1100
SX185,prp,0,60,30,face_18,object_17,irrelevant,letter,left,letter_03,0.5,1.11282199106363,0,0,onset,1000
SX185,prp,0,60,31,face_18,object_17,non-target,object,left,object_19,1,1.1569985314344,0.466,1.466,offset,1100
SX185,prp,0,60,32,face_18,object_17,irrelevant,letter,right,letter_15,1.5,0.707980523729818,0.466,0.466,onset,1000
SX185,prp,0,60,33,face_18,object_17,irrelevant,false_font,center,false_font_04,0.5,0.902431972392387,0.116,0.616,offset,1000
SX185,prp,0,60,34,face_18,object_17,irrelevant,false_font,center,false_font_15,1.5,0.713159335082744,0.232,0.232,onset,1000
SX185,prp,0,60,35,face_18,object_17,non-target,face,right,face_19,1.5,0.866812662874038,0.232,0.232,onset,1100
SX185,prp,0,60,36,face_18,object_17,non-target,face,right,face_03,1,1.24465307362423,0,1,offset,1000
